[gd_scene load_steps=33 format=3 uid="uid://j3m2akuejogr"]

[ext_resource type="Material" uid="uid://b331c3hdlx14g" path="res://materials/green_material.tres" id="1_sugp2"]
[ext_resource type="Script" uid="uid://t5rs5nn4bax1" path="res://scenes/main.gd" id="1_yq6so"]
[ext_resource type="PackedScene" uid="uid://7incfsglra4a" path="res://scenes/player/player.tscn" id="3_sugp2"]
[ext_resource type="PackedScene" uid="uid://wexfg3n2fj54" path="res://scenes/enemy/enemy.tscn" id="4_jyhfs"]
[ext_resource type="PackedScene" uid="uid://c8xb7gyrs7n1o" path="res://scenes/UI/game_over_screen.tscn" id="5_tbgi4"]
[ext_resource type="PackedScene" uid="uid://fjarw2dx7gv4" path="res://scenes/UI/health_bar_ui.tscn" id="6_tefeu"]
[ext_resource type="PackedScene" uid="uid://dplo6xm7ktdex" path="res://scenes/env/house_1_1.tscn" id="7_o6xl0"]
[ext_resource type="PackedScene" uid="uid://bdam1tc3s8n00" path="res://scenes/env/house_2_2.tscn" id="8_85g3d"]
[ext_resource type="PackedScene" uid="uid://bt3ajwqvryb8g" path="res://scenes/env/house_2_1.tscn" id="9_choun"]
[ext_resource type="PackedScene" uid="uid://bd1f027628hpf" path="res://scenes/env/church.tscn" id="10_choun"]
[ext_resource type="PackedScene" uid="uid://cstre1706ywkg" path="res://scenes/env/torch_dim.tscn" id="10_vxglm"]
[ext_resource type="PackedScene" uid="uid://dve58e2g7mifh" path="res://scenes/env/fence_1_pole.tscn" id="11_ya4ey"]
[ext_resource type="PackedScene" uid="uid://cvb5bkmsnlh2l" path="res://scenes/env/fence_1_wal.tscn" id="12_eb6dy"]
[ext_resource type="PackedScene" uid="uid://ceghdmd0rogpx" path="res://scenes/env/torch.tscn" id="15_jbj1t"]
[ext_resource type="PackedScene" uid="uid://cdtss8v574xv1" path="res://scenes/bridgid_sprite.tscn" id="16_jbj1t"]
[ext_resource type="PackedScene" uid="uid://3q7pbcag2u0h" path="res://scenes/env/house_1_2.tscn" id="17_muem4"]
[ext_resource type="PackedScene" uid="uid://q5vbmlymbvtc" path="res://scenes/UI/win_screen.tscn" id="18_dp3eg"]
[ext_resource type="PackedScene" uid="uid://dp0gpvvcfjkbr" path="res://scenes/env/fence_short_group.tscn" id="18_jscy8"]
[ext_resource type="PackedScene" uid="uid://c6hhjsfv202o" path="res://scenes/env/short_shrub.tscn" id="19_y6deb"]
[ext_resource type="PackedScene" uid="uid://b0i6t17vv7wkk" path="res://scenes/env/floor.tscn" id="20_gqmmt"]
[ext_resource type="PackedScene" uid="uid://by7lc1b2oyq0j" path="res://scenes/env/spiky_shrub2.tscn" id="20_og1vs"]
[ext_resource type="PackedScene" uid="uid://btxd00d8hsthh" path="res://scenes/env/fence_short.tscn" id="21_yc10j"]
[ext_resource type="PackedScene" uid="uid://c0t02wojsv0rf" path="res://scenes/env/long_shrub.tscn" id="23_pm3ni"]
[ext_resource type="PackedScene" uid="uid://cungtlvjfe7np" path="res://scenes/env/rock_sprite1.tscn" id="26_2wyq8"]
[ext_resource type="PackedScene" uid="uid://dw2cbbhs4h6j2" path="res://scenes/env/rock_sprite2.tscn" id="27_vxglm"]
[ext_resource type="AudioStream" uid="uid://dn4g1pclvjhnp" path="res://audio/fire crackling sound.mp3" id="28_2f3dj"]
[ext_resource type="AudioStream" uid="uid://dyaxosm380kjf" path="res://audio/angry mob loop.mp3" id="28_yq6so"]

[sub_resource type="Gradient" id="Gradient_yc10j"]
offsets = PackedFloat32Array(0, 0.0233918, 0.0935673, 0.85138, 1)
colors = PackedColorArray(0.000693898, 0.000693898, 0.000693898, 1, 0.068955, 0.0351, 0.09, 1, 0.17, 0.085, 0.164333, 1, 0.911844, 0.833734, 0.812873, 1, 1, 1, 1, 1)

[sub_resource type="GradientTexture1D" id="GradientTexture1D_jscy8"]
gradient = SubResource("Gradient_yc10j")

[sub_resource type="ProceduralSkyMaterial" id="ProceduralSkyMaterial_gqmmt"]
sky_top_color = Color(0.481086, 0.207247, 0.656654, 1)
sky_horizon_color = Color(0.76, 0.381267, 0.266, 1)
ground_horizon_color = Color(0.662243, 0.671743, 0.686743, 1)

[sub_resource type="Sky" id="Sky_yc10j"]
sky_material = SubResource("ProceduralSkyMaterial_gqmmt")

[sub_resource type="Environment" id="Environment_jscy8"]
background_mode = 2
background_energy_multiplier = 0.78
sky = SubResource("Sky_yc10j")
ambient_light_sky_contribution = 0.82
tonemap_mode = 3
tonemap_exposure = 1.15
ssao_enabled = true
glow_enabled = true
volumetric_fog_density = 0.005
adjustment_enabled = true
adjustment_color_correction = SubResource("GradientTexture1D_jscy8")

[node name="world" type="Node3D"]
script = ExtResource("1_yq6so")

[node name="sun" type="DirectionalLight3D" parent="."]
transform = Transform3D(0.764462, -0.476899, -0.433781, 0.632707, 0.684044, 0.362996, 0.123613, -0.551953, 0.824662, 0, 6.70035, 109.05)
light_color = Color(1, 0.813333, 0.44, 1)
light_energy = 0.4
shadow_enabled = true

[node name="WorldEnvironment" type="WorldEnvironment" parent="."]
environment = SubResource("Environment_jscy8")

[node name="Player" parent="." instance=ExtResource("3_sugp2")]
transform = Transform3D(1, 0, 0, 0, 1, 0, 0, 0, 1, 27.442, 0, 102.356)
run_speed = 7.0
dash_cooldown_duration = 2.0

[node name="GameOverScreen" parent="." instance=ExtResource("5_tbgi4")]
visible = false
z_index = 1

[node name="HealthBarUi" parent="." instance=ExtResource("6_tefeu")]

[node name="actualMap" type="Node3D" parent="."]

[node name="houses" type="Node3D" parent="actualMap"]

[node name="House1_1" parent="actualMap/houses" instance=ExtResource("7_o6xl0")]
transform = Transform3D(1, 0, 0, 0, 1, 0, 0, 0, 1, -24.523, 0, -0.186728)

[node name="House1_12" parent="actualMap/houses" instance=ExtResource("7_o6xl0")]
transform = Transform3D(0.765169, 0, 0.64383, 0, 1, 0, -0.64383, 0, 0.765169, -14.9161, 0, 19.5405)

[node name="House1_5" parent="actualMap/houses" instance=ExtResource("7_o6xl0")]
transform = Transform3D(0.211973, 0, 0.977275, 0, 1, 0, -0.977275, 0, 0.211973, 14.737, 0, 73.6578)

[node name="House1_15" parent="actualMap/houses" instance=ExtResource("7_o6xl0")]
transform = Transform3D(-0.335221, 0, 0.94214, 0, 1, 0, -0.94214, 0, -0.335221, 26.0388, 0, 1.47547)

[node name="House1_7" parent="actualMap/houses" instance=ExtResource("7_o6xl0")]
transform = Transform3D(-0.210745, 0, 0.977541, 0, 1, 0, -0.977541, 0, -0.210745, 18.7607, 0, 97.478)

[node name="House1_17" parent="actualMap/houses" instance=ExtResource("7_o6xl0")]
transform = Transform3D(-0.367394, 0, 0.930065, 0, 1, 0, -0.930065, 0, -0.367394, 40.9005, 0, 70.8496)

[node name="House1_10" parent="actualMap/houses" instance=ExtResource("7_o6xl0")]
transform = Transform3D(0.45761, 0, 0.889153, 0, 1, 0, -0.889153, 0, 0.45761, -14.9962, 0, 53.5558)

[node name="House2_1" parent="actualMap/houses" instance=ExtResource("8_85g3d")]
transform = Transform3D(1, 0, 0, 0, 1, 0, 0, 0, 1, -19.9965, 0, 7.25999)

[node name="House2_12" parent="actualMap/houses" instance=ExtResource("8_85g3d")]
transform = Transform3D(0.799873, 0, 0.600169, 0, 1, 0, -0.600169, 0, 0.799873, -32.4139, 0, 19.2939)

[node name="House2_6" parent="actualMap/houses" instance=ExtResource("8_85g3d")]
transform = Transform3D(1, 0, 0, 0, 1, 0, 0, 0, 1, -19.9965, 0, 7.25999)

[node name="House2_4" parent="actualMap/houses" instance=ExtResource("8_85g3d")]
transform = Transform3D(0.437069, 0, -0.899428, 0, 1, 0, 0.899428, 0, 0.437069, 15.8292, 0, 104.601)

[node name="House2_16" parent="actualMap/houses" instance=ExtResource("8_85g3d")]
transform = Transform3D(0.437069, 0, -0.899428, 0, 1, 0, 0.899428, 0, 0.437069, 42.8504, 0, 84.8642)

[node name="House2_7" parent="actualMap/houses" instance=ExtResource("8_85g3d")]
transform = Transform3D(-0.128397, 0, -0.991723, 0, 1, 0, 0.991723, 0, -0.128397, 15.9698, 0, 79.9299)

[node name="House2_5" parent="actualMap/houses" instance=ExtResource("8_85g3d")]
transform = Transform3D(0.942287, 0.000650855, -0.334804, -0.000975866, 0.999999, -0.000802471, 0.334804, 0.0010829, 0.942287, 8.68231, 0, 67.6405)

[node name="House2_14" parent="actualMap/houses" instance=ExtResource("8_85g3d")]
transform = Transform3D(0.999993, 0.000978623, 0.00346172, -0.000975866, 0.999999, -0.000802471, -0.00346243, 0.000799107, 0.999994, 33.2293, 0, 36.1913)

[node name="House2_10" parent="actualMap/houses" instance=ExtResource("8_85g3d")]
transform = Transform3D(0.942287, 0.000650855, -0.334804, -0.000975866, 0.999999, -0.000802471, 0.334804, 0.0010829, 0.942287, -6.40718, 0, 78.3546)

[node name="House2_2" parent="actualMap/houses" instance=ExtResource("9_choun")]
transform = Transform3D(1, 0, 0, 0, 1, 0, 0, 0, 1, -20.094, 0, 15.3094)

[node name="House2_11" parent="actualMap/houses" instance=ExtResource("9_choun")]
transform = Transform3D(0.927986, 0, -0.372615, 0, 1, 0, 0.372615, 0, 0.927986, -18.8125, 0, 34.5984)

[node name="House2_3" parent="actualMap/houses" instance=ExtResource("9_choun")]
transform = Transform3D(-0.00413648, 0, 0.999991, 0, 1, 0, -0.999991, 0, -0.00413648, -7.70094, 0, 40.1683)

[node name="House2_8" parent="actualMap/houses" instance=ExtResource("9_choun")]
transform = Transform3D(0.574062, 0, -0.818812, 0, 1, 0, 0.818812, 0, 0.574062, 9.91432, 0, 86.6545)

[node name="House2_9" parent="actualMap/houses" instance=ExtResource("9_choun")]
transform = Transform3D(0.147292, 0, -0.989093, 0, 1, 0, 0.989093, 0, 0.147292, -15.6241, 0, 61.6056)

[node name="House2_13" parent="actualMap/houses" instance=ExtResource("9_choun")]
transform = Transform3D(0.147292, 0, -0.989093, 0, 1, 0, 0.989093, 0, 0.147292, 45.66, 0, 20.3745)

[node name="House2_15" parent="actualMap/houses" instance=ExtResource("9_choun")]
transform = Transform3D(0.892798, 0, -0.450457, 0, 1, 0, 0.450457, 0, 0.892798, 33.1, 0, 45.5859)

[node name="House1_2" parent="actualMap/houses" instance=ExtResource("17_muem4")]
transform = Transform3D(-0.967219, 0, 0.253944, 0, 1, 0, -0.253944, 0, -0.967219, -10.0841, 0, 33.6706)

[node name="House1_4" parent="actualMap/houses" instance=ExtResource("17_muem4")]
transform = Transform3D(-0.628846, 0, 0.77753, 0, 1, 0, -0.77753, 0, -0.628846, -34.6942, 0, 31.7913)

[node name="House1_16" parent="actualMap/houses" instance=ExtResource("17_muem4")]
transform = Transform3D(-0.608152, 0, 0.793821, 0, 1, 0, -0.793821, 0, -0.608152, 35.4876, 0, 54.6221)

[node name="House1_3" parent="actualMap/houses" instance=ExtResource("17_muem4")]
transform = Transform3D(0.95401, 0, -0.299773, 0, 1, 0, 0.299773, 0, 0.95401, -4.98661, 0, 49.5239)

[node name="House1_8" parent="actualMap/houses" instance=ExtResource("17_muem4")]
transform = Transform3D(-0.845709, 0, -0.533644, 0, 1, 0, 0.533644, 0, -0.845709, 4.74362, 0, 74.7832)

[node name="House1_9" parent="actualMap/houses" instance=ExtResource("17_muem4")]
transform = Transform3D(-0.845523, 0, 0.533939, 0, 1, 0, -0.533939, 0, -0.845523, -10.3702, 0, 72.9053)

[node name="House1_11" parent="actualMap/houses" instance=ExtResource("17_muem4")]
transform = Transform3D(-0.845523, 0, 0.533939, 0, 1, 0, -0.533939, 0, -0.845523, -15.14, 0, -0.315796)

[node name="House1_13" parent="actualMap/houses" instance=ExtResource("17_muem4")]
transform = Transform3D(0.949342, -0.0105751, -0.314067, 0.00899429, 0.999939, -0.00648189, 0.314117, 0.00332873, 0.949379, 16.6636, 0, -12.1589)

[node name="House1_14" parent="actualMap/houses" instance=ExtResource("17_muem4")]
transform = Transform3D(0.949342, -0.0105751, -0.314067, 0.00899429, 0.999939, -0.00648189, 0.314117, 0.00332873, 0.949379, 39.6684, 0, 12.6867)

[node name="House1_6" parent="actualMap/houses" instance=ExtResource("17_muem4")]
transform = Transform3D(0.510753, 0, 0.859728, 0, 1, 0, -0.859728, 0, 0.510753, 16.2443, 0, 90.2204)

[node name="torches" type="Node3D" parent="actualMap"]

[node name="Torch" parent="actualMap/torches" instance=ExtResource("15_jbj1t")]
transform = Transform3D(1, 0, 0, 0, 1, 0, 0, 0, 1, -7.9995, 0, -14.8014)

[node name="Torch3" parent="actualMap/torches" instance=ExtResource("15_jbj1t")]
transform = Transform3D(1, 0, 0, 0, 1, 0, 0, 0, 1, 1.0539, 0, -14.982)

[node name="Torch4" parent="actualMap/torches" instance=ExtResource("15_jbj1t")]
transform = Transform3D(1, 0, 0, 0, 1, 0, 0, 0, 1, -8.36265, 0, -8.86668)

[node name="Torch2" parent="actualMap/torches" instance=ExtResource("15_jbj1t")]
transform = Transform3D(1, 0, 0, 0, 1, 0, 0, 0, 1, 5.35384, 0, -14.1083)

[node name="Torch5" parent="actualMap/torches" instance=ExtResource("15_jbj1t")]
transform = Transform3D(1, 0, 0, 0, 1, 0, 0, 0, 1, 2.17219, 0, -6.46686)

[node name="Torch6" parent="actualMap/torches" instance=ExtResource("15_jbj1t")]
transform = Transform3D(1, 0, 0, 0, 1, 0, 0, 0, 1, -6.43379, 0, -6.46441)

[node name="Torch_dim2" parent="actualMap/torches" instance=ExtResource("10_vxglm")]
transform = Transform3D(1, 0, 0, 0, 1, 0, 0, 0, 1, 17.5746, 0, -1.76977)

[node name="Torch_dim3" parent="actualMap/torches" instance=ExtResource("10_vxglm")]
transform = Transform3D(1, 0, 0, 0, 1, 0, 0, 0, 1, 10.7886, 4.76837e-07, -3.98962)

[node name="Torch_dim4" parent="actualMap/torches" instance=ExtResource("10_vxglm")]
transform = Transform3D(1, 0, 0, 0, 1, 0, 0, 0, 1, -1.97536, 4.76837e-07, -11.7125)

[node name="Torch34" parent="actualMap/torches" instance=ExtResource("15_jbj1t")]
transform = Transform3D(1, 0, 0, 0, 1, 0, 0, 0, 1, 21.9076, 0, 7.45681)

[node name="Torch35" parent="actualMap/torches" instance=ExtResource("15_jbj1t")]
transform = Transform3D(1, 0, 0, 0, 1, 0, 0, 0, 1, 23.764, 0, 22.1722)

[node name="Torch10" parent="actualMap/torches" instance=ExtResource("15_jbj1t")]
transform = Transform3D(1, 0, 0, 0, 1, 0, 0, 0, 1, 3.63828, 0, 3.61049)

[node name="Torch36" parent="actualMap/torches" instance=ExtResource("15_jbj1t")]
transform = Transform3D(1, 0, 0, 0, 1, 0, 0, 0, 1, 7.00628, 0, 14.3611)

[node name="Torch11" parent="actualMap/torches" instance=ExtResource("15_jbj1t")]
transform = Transform3D(1, 0, 0, 0, 1, 0, 0, 0, 1, 23.3122, 0, 32.7759)

[node name="Torch16" parent="actualMap/torches" instance=ExtResource("15_jbj1t")]
transform = Transform3D(1, 0, 0, 0, 1, 0, 0, 0, 1, 9.53313, 0, 23.0894)

[node name="Torch13" parent="actualMap/torches" instance=ExtResource("15_jbj1t")]
transform = Transform3D(1, 0, 0, 0, 1, 0, 0, 0, 1, 30.7315, 0, 99.9831)

[node name="Torch17" parent="actualMap/torches" instance=ExtResource("15_jbj1t")]
transform = Transform3D(1, 0, 0, 0, 1, 0, 0, 0, 1, 22.3749, 0, 102.557)

[node name="Torch18" parent="actualMap/torches" instance=ExtResource("15_jbj1t")]
transform = Transform3D(1, 0, 0, 0, 1, 0, 0, 0, 1, 30.956, 0, 89.404)

[node name="Torch19" parent="actualMap/torches" instance=ExtResource("15_jbj1t")]
transform = Transform3D(1, 0, 0, 0, 1, 0, 0, 0, 1, 22.499, 0, 90.1359)

[node name="Torch20" parent="actualMap/torches" instance=ExtResource("15_jbj1t")]
transform = Transform3D(1, 0, 0, 0, 1, 0, 0, 0, 1, 31.7522, 0, 78.0239)

[node name="Torch21" parent="actualMap/torches" instance=ExtResource("15_jbj1t")]
transform = Transform3D(1, 0, 0, 0, 1, 0, 0, 0, 1, 21.714, 0, 73.3058)

[node name="Torch22" parent="actualMap/torches" instance=ExtResource("15_jbj1t")]
transform = Transform3D(1, 0, 0, 0, 1, 0, 0, 0, 1, 28.8919, 0, 66.015)

[node name="Torch23" parent="actualMap/torches" instance=ExtResource("15_jbj1t")]
transform = Transform3D(1, 0, 0, 0, 1, 0, 0, 0, 1, 17.4579, 0, 67.463)

[node name="Torch24" parent="actualMap/torches" instance=ExtResource("15_jbj1t")]
transform = Transform3D(1, 0, 0, 0, 1, 0, 0, 0, 1, 25.6798, 0, 55.372)

[node name="Torch_dim" parent="actualMap/torches" instance=ExtResource("10_vxglm")]
transform = Transform3D(1, 0, 0, 0, 1, 0, 0, 0, 1, 6.69426, 0, 58.5508)

[node name="Torch_dim5" parent="actualMap/torches" instance=ExtResource("10_vxglm")]
transform = Transform3D(1, 0, 0, 0, 1, 0, 0, 0, 1, -8.9858, 0, 22.4077)

[node name="Torch26" parent="actualMap/torches" instance=ExtResource("15_jbj1t")]
transform = Transform3D(1, 0, 0, 0, 1, 0, 0, 0, 1, 17.7252, 0, 54.2019)

[node name="Torch27" parent="actualMap/torches" instance=ExtResource("15_jbj1t")]
transform = Transform3D(1, 0, 0, 0, 1, 0, 0, 0, 1, 1.05152, 0, 50.1288)

[node name="Torch30" parent="actualMap/torches" instance=ExtResource("15_jbj1t")]
transform = Transform3D(1, 0, 0, 0, 1, 0, 0, 0, 1, -9.54157, 0, 10.5894)

[node name="Torch32" parent="actualMap/torches" instance=ExtResource("15_jbj1t")]
transform = Transform3D(1, 0, 0, 0, 1, 0, 0, 0, 1, -7.93595, 0, 0.113983)

[node name="Torch14" parent="actualMap/torches" instance=ExtResource("15_jbj1t")]
transform = Transform3D(1, 0, 0, 0, 1, 0, 0, 0, 1, 25.6687, 0, 47.8347)

[node name="Torch12" parent="actualMap/torches" instance=ExtResource("15_jbj1t")]
transform = Transform3D(1, 0, 0, 0, 1, 0, 0, 0, 1, 8.98592, 0, 37.4943)

[node name="Torch31" parent="actualMap/torches" instance=ExtResource("15_jbj1t")]
transform = Transform3D(1, 0, 0, 0, 1, 0, 0, 0, 1, 10.6436, 0, 29.8142)

[node name="Torch15" parent="actualMap/torches" instance=ExtResource("15_jbj1t")]
transform = Transform3D(1, 0, 0, 0, 1, 0, 0, 0, 1, 12.0599, 0, 47.7846)

[node name="Torch7" parent="actualMap/torches" instance=ExtResource("10_vxglm")]
transform = Transform3D(1, 0, 0, 0, 1, 0, 0, 0, 1, -7.283, 0, 31.427)

[node name="church_area" type="Node3D" parent="actualMap"]

[node name="Church" parent="actualMap/church_area" instance=ExtResource("10_choun")]
transform = Transform3D(1, 0, 0, 0, 1, 0, 0, 0, 1, -1.07713, 0, -18.022)

[node name="fence1_wal" parent="actualMap/church_area" instance=ExtResource("12_eb6dy")]
transform = Transform3D(1, 0, 0, 0, 1, 0, 0, 0, 1, 5.5658, 0, -16.398)

[node name="fence1_wal2" parent="actualMap/church_area" instance=ExtResource("12_eb6dy")]
transform = Transform3D(1, 0, 0, 0, 1, 0, 0, 0, 1, -9.07592, 0, -16.4079)

[node name="fence1_wal11" parent="actualMap/church_area" instance=ExtResource("12_eb6dy")]
transform = Transform3D(1, 0, 0, 0, 1, 0, 0, 0, 1, -9.07592, 0, -7.72952)

[node name="fence1_wal12" parent="actualMap/church_area" instance=ExtResource("12_eb6dy")]
transform = Transform3D(1, 0, 0, 0, 1, 0, 0, 0, 1, -6.9287, 0, -7.72952)

[node name="fence1_wal13" parent="actualMap/church_area" instance=ExtResource("12_eb6dy")]
transform = Transform3D(1, 0, 0, 0, 1, 0, 0, 0, 1, 3.45838, 0, -7.73262)

[node name="fence1_wal14" parent="actualMap/church_area" instance=ExtResource("12_eb6dy")]
transform = Transform3D(1, 0, 0, 0, 1, 0, 0, 0, 1, 5.6056, 0, -7.73262)

[node name="fence1_wal3" parent="actualMap/church_area" instance=ExtResource("12_eb6dy")]
transform = Transform3D(-4.37114e-08, 0, 1, 0, 1, 0, -1, 0, -4.37114e-08, 6.60939, 0, -15.4203)

[node name="fence1_wal4" parent="actualMap/church_area" instance=ExtResource("12_eb6dy")]
transform = Transform3D(-4.37114e-08, 0, 1, 0, 1, 0, -1, 0, -4.37114e-08, 6.6212, 0, -13.2094)

[node name="fence1_wal5" parent="actualMap/church_area" instance=ExtResource("12_eb6dy")]
transform = Transform3D(-4.37114e-08, 0, 1, 0, 1, 0, -1, 0, -4.37114e-08, 6.60939, 0, -11.0097)

[node name="fence1_wal6" parent="actualMap/church_area" instance=ExtResource("12_eb6dy")]
transform = Transform3D(-4.37114e-08, 0, 1, 0, 1, 0, -1, 0, -4.37114e-08, 6.6212, 0, -8.79874)

[node name="fence1_wal7" parent="actualMap/church_area" instance=ExtResource("12_eb6dy")]
transform = Transform3D(-4.37114e-08, 0, 1, 0, 1, 0, -1, 0, -4.37114e-08, -10.0815, 0, -15.4203)

[node name="fence1_wal8" parent="actualMap/church_area" instance=ExtResource("12_eb6dy")]
transform = Transform3D(-4.37114e-08, 0, 1, 0, 1, 0, -1, 0, -4.37114e-08, -10.0697, 0, -13.2094)

[node name="fence1_wal9" parent="actualMap/church_area" instance=ExtResource("12_eb6dy")]
transform = Transform3D(-4.37114e-08, 0, 1, 0, 1, 0, -1, 0, -4.37114e-08, -10.0815, 0, -11.0097)

[node name="fence1_wal10" parent="actualMap/church_area" instance=ExtResource("12_eb6dy")]
transform = Transform3D(-4.37114e-08, 0, 1, 0, 1, 0, -1, 0, -4.37114e-08, -10.0697, 0, -8.79874)

[node name="fence1_pole" parent="actualMap/church_area" instance=ExtResource("11_ya4ey")]
transform = Transform3D(1, 0, 0, 0, 1, 0, 0, 0, 1, 2.24322, 0, -7.71854)

[node name="fence1_pole2" parent="actualMap/church_area" instance=ExtResource("11_ya4ey")]
transform = Transform3D(1, 0, 0, 0, 1, 0, 0, 0, 1, -5.83562, 0, -7.72699)

[node name="ShortFenceGroup" type="Node3D" parent="actualMap"]

[node name="fence_short" parent="actualMap/ShortFenceGroup" instance=ExtResource("21_yc10j")]
transform = Transform3D(-4.37114e-08, 0, -1, 0, 1, 0, 1, 0, -4.37114e-08, 32.3439, 0, 99.8301)

[node name="fence_short2" parent="actualMap/ShortFenceGroup" instance=ExtResource("21_yc10j")]
transform = Transform3D(-4.37114e-08, 0, -1, 0, 1, 0, 1, 0, -4.37114e-08, 32.3439, 0, 97.5372)

[node name="fence_short3" parent="actualMap/ShortFenceGroup" instance=ExtResource("21_yc10j")]
transform = Transform3D(-4.37114e-08, 0, -1, 0, 1, 0, 1, 0, -4.37114e-08, 32.3439, 0, 95.2654)

[node name="fence_short4" parent="actualMap/ShortFenceGroup" instance=ExtResource("21_yc10j")]
transform = Transform3D(-4.37114e-08, 0, -1, 0, 1, 0, 1, 0, -4.37114e-08, 32.3439, 0, 92.9694)

[node name="fence_short38" parent="actualMap/ShortFenceGroup" instance=ExtResource("21_yc10j")]
transform = Transform3D(-4.37114e-08, 0, -1, 0, 1, 0, 1, 0, -4.37114e-08, 21.2636, 0, 100.588)

[node name="fence_short51" parent="actualMap/ShortFenceGroup" instance=ExtResource("21_yc10j")]
transform = Transform3D(-4.37114e-08, 0, -1, 0, 1, 0, 1, 0, -4.37114e-08, 21.2636, 0, 102.819)

[node name="fence_short39" parent="actualMap/ShortFenceGroup" instance=ExtResource("21_yc10j")]
transform = Transform3D(-4.37114e-08, 0, -1, 0, 1, 0, 1, 0, -4.37114e-08, 21.2636, 0, 96.0235)

[node name="fence_short40" parent="actualMap/ShortFenceGroup" instance=ExtResource("21_yc10j")]
transform = Transform3D(-4.37114e-08, 0, -1, 0, 1, 0, 1, 0, -4.37114e-08, 21.2636, 0, 91.4636)

[node name="fence_short45" parent="actualMap/ShortFenceGroup" instance=ExtResource("21_yc10j")]
transform = Transform3D(-4.37114e-08, 0, -1, 0, 1, 0, 1, 0, -4.37114e-08, 21.2636, 0, 93.7275)

[node name="fence_short44" parent="actualMap/ShortFenceGroup" instance=ExtResource("21_yc10j")]
transform = Transform3D(-4.37114e-08, 0, -1, 0, 1, 0, 1, 0, -4.37114e-08, 21.2636, 0, 98.2759)

[node name="fence_short41" parent="actualMap/ShortFenceGroup" instance=ExtResource("21_yc10j")]
transform = Transform3D(-4.37114e-08, 0, -1, 0, 1, 0, 1, 0, -4.37114e-08, 21.2636, 0, 89.1958)

[node name="fence_short46" parent="actualMap/ShortFenceGroup" instance=ExtResource("21_yc10j")]
transform = Transform3D(-4.37114e-08, 0, -1, 0, 1, 0, 1, 0, -4.37114e-08, 21.2636, 0, 86.9083)

[node name="fence_short42" parent="actualMap/ShortFenceGroup" instance=ExtResource("21_yc10j")]
transform = Transform3D(-4.37114e-08, 0, -1, 0, 1, 0, 1, 0, -4.37114e-08, 21.2636, 0, 84.6311)

[node name="fence_short43" parent="actualMap/ShortFenceGroup" instance=ExtResource("21_yc10j")]
transform = Transform3D(-4.37114e-08, 0, -1, 0, 1, 0, 1, 0, -4.37114e-08, 21.2636, 0, 82.3351)

[node name="fence_short47" parent="actualMap/ShortFenceGroup" instance=ExtResource("21_yc10j")]
transform = Transform3D(-4.37114e-08, 0, -1, 0, 1, 0, 1, 0, -4.37114e-08, 21.2636, 0, 80.0446)

[node name="fence_short48" parent="actualMap/ShortFenceGroup" instance=ExtResource("21_yc10j")]
transform = Transform3D(0.750861, 0, -0.660461, 0, 1, 0, 0.660461, 0, 0.750861, 10.6564, 0, 63.1992)

[node name="fence_short49" parent="actualMap/ShortFenceGroup" instance=ExtResource("21_yc10j")]
transform = Transform3D(0.750861, 0, -0.660461, 0, 1, 0, 0.660461, 0, 0.750861, 8.93199, 0, 61.6876)

[node name="fence_short50" parent="actualMap/ShortFenceGroup" instance=ExtResource("21_yc10j")]
transform = Transform3D(-0.128034, 0, -0.99177, 0, 1, 0, 0.99177, 0, -0.128034, -10.2452, 0, -6.92481)

[node name="fence_short5" parent="actualMap/ShortFenceGroup" instance=ExtResource("21_yc10j")]
transform = Transform3D(-4.37114e-08, 0, -1, 0, 1, 0, 1, 0, -4.37114e-08, 32.3439, 0, 90.6503)

[node name="fence_short6" parent="actualMap/ShortFenceGroup" instance=ExtResource("21_yc10j")]
transform = Transform3D(-4.37114e-08, 0, -1, 0, 1, 0, 1, 0, -4.37114e-08, 32.3439, 0, 88.3574)

[node name="fence_short7" parent="actualMap/ShortFenceGroup" instance=ExtResource("21_yc10j")]
transform = Transform3D(-4.37114e-08, 0, -1, 0, 1, 0, 1, 0, -4.37114e-08, 32.3439, 0, 86.0857)

[node name="fence_short8" parent="actualMap/ShortFenceGroup" instance=ExtResource("21_yc10j")]
transform = Transform3D(-4.37114e-08, 0, -1, 0, 1, 0, 1, 0, -4.37114e-08, 32.3439, 0, 83.7896)

[node name="fence_short9" parent="actualMap/ShortFenceGroup" instance=ExtResource("21_yc10j")]
transform = Transform3D(-4.37114e-08, 0, -1, 0, 1, 0, 1, 0, -4.37114e-08, 32.3439, 0, 81.4986)

[node name="fence_short10" parent="actualMap/ShortFenceGroup" instance=ExtResource("21_yc10j")]
transform = Transform3D(-4.37114e-08, 0, -1, 0, 1, 0, 1, 0, -4.37114e-08, 32.3439, 0, 79.2057)

[node name="fence_short11" parent="actualMap/ShortFenceGroup" instance=ExtResource("21_yc10j")]
transform = Transform3D(-4.37114e-08, 0, -1, 0, 1, 0, 1, 0, -4.37114e-08, 32.3439, 0, 76.9339)

[node name="fence_short12" parent="actualMap/ShortFenceGroup" instance=ExtResource("21_yc10j")]
transform = Transform3D(-4.37114e-08, 0, -1, 0, 1, 0, 1, 0, -4.37114e-08, 32.3439, 0, 74.6379)

[node name="fence_short13" parent="actualMap/ShortFenceGroup" instance=ExtResource("21_yc10j")]
transform = Transform3D(0.309515, 0, -0.950895, 0, 1, 0, 0.950895, 0, 0.309515, 32.0525, 0, 72.4348)

[node name="fence_short14" parent="actualMap/ShortFenceGroup" instance=ExtResource("21_yc10j")]
transform = Transform3D(0.309515, 0, -0.950895, 0, 1, 0, 0.950895, 0, 0.309515, 31.3428, 0, 70.2545)

[node name="fence_short15" parent="actualMap/ShortFenceGroup" instance=ExtResource("21_yc10j")]
transform = Transform3D(0.309515, 0, -0.950895, 0, 1, 0, 0.950895, 0, 0.309515, 30.6396, 0, 68.0943)

[node name="fence_short16" parent="actualMap/ShortFenceGroup" instance=ExtResource("21_yc10j")]
transform = Transform3D(0.309515, 0, -0.950895, 0, 1, 0, 0.950895, 0, 0.309515, 29.929, 0, 65.911)

[node name="fence_short17" parent="actualMap/ShortFenceGroup" instance=ExtResource("21_yc10j")]
transform = Transform3D(0.309515, 0, -0.950895, 0, 1, 0, 0.950895, 0, 0.309515, 29.1933, 1.90735e-06, 63.7394)

[node name="fence_short18" parent="actualMap/ShortFenceGroup" instance=ExtResource("21_yc10j")]
transform = Transform3D(0.309515, 0, -0.950895, 0, 1, 0, 0.950895, 0, 0.309515, 28.4836, 1.90735e-06, 61.5591)

[node name="fence_short19" parent="actualMap/ShortFenceGroup" instance=ExtResource("21_yc10j")]
transform = Transform3D(0.309515, 0, -0.950895, 0, 1, 0, 0.950895, 0, 0.309515, 27.7804, 1.90735e-06, 59.3989)

[node name="fence_short20" parent="actualMap/ShortFenceGroup" instance=ExtResource("21_yc10j")]
transform = Transform3D(0.309515, 0, -0.950895, 0, 1, 0, 0.950895, 0, 0.309515, 27.0698, 1.90735e-06, 57.2156)

[node name="fence_short_group" parent="actualMap/ShortFenceGroup" instance=ExtResource("18_jscy8")]
transform = Transform3D(0.243497, 0, -0.969902, 0, 1, 0, 0.969902, 0, 0.243497, 26.7015, 0, 56.1198)

[node name="fence_short_group2" parent="actualMap/ShortFenceGroup" instance=ExtResource("18_jscy8")]
transform = Transform3D(0.181154, 0, -0.983455, 0, 1, 0, 0.983455, 0, 0.181154, 24.4947, 0, 47.2579)

[node name="fence_short_group5" parent="actualMap/ShortFenceGroup" instance=ExtResource("18_jscy8")]
transform = Transform3D(0.334169, 0, -0.942514, 0, 1, 0, 0.942514, 0, 0.334169, 21.2331, 0, 78.9344)

[node name="fence_short_group6" parent="actualMap/ShortFenceGroup" instance=ExtResource("18_jscy8")]
transform = Transform3D(0.722666, 0, -0.691198, 0, 1, 0, 0.691198, 0, 0.722666, 18.1498, 0, 70.2929)

[node name="fence_short_group7" parent="actualMap/ShortFenceGroup" instance=ExtResource("18_jscy8")]
transform = Transform3D(0.0222508, 0, -0.999753, 0, 1, 0, 0.999753, 0, 0.0222508, -0.43926, 0, 48.8385)

[node name="fence_short_group8" parent="actualMap/ShortFenceGroup" instance=ExtResource("18_jscy8")]
transform = Transform3D(0.663926, 0, -0.747798, 0, 1, 0, 0.747798, 0, 0.663926, -0.640471, 0, 39.6882)

[node name="fence_short_group9" parent="actualMap/ShortFenceGroup" instance=ExtResource("18_jscy8")]
transform = Transform3D(0.592097, 0, -0.805867, 0, 1, 0, 0.805867, 0, 0.592097, -10.1939, 0, 18.955)

[node name="fence_short_group10" parent="actualMap/ShortFenceGroup" instance=ExtResource("18_jscy8")]
transform = Transform3D(-0.239398, 0, -0.970922, 0, 1, 0, 0.970922, 0, -0.239398, -15.6078, 0, 11.6238)

[node name="fence_short_group11" parent="actualMap/ShortFenceGroup" instance=ExtResource("18_jscy8")]
transform = Transform3D(-0.336438, 0, -0.941705, 0, 1, 0, 0.941705, 0, -0.336438, -13.4189, 0, 2.82279)

[node name="fence_short21" parent="actualMap/ShortFenceGroup" instance=ExtResource("21_yc10j")]
transform = Transform3D(-4.37114e-08, 0, -1, 0, 1, 0, 1, 0, -4.37114e-08, 22.8514, 0, 37.1301)

[node name="fence_short22" parent="actualMap/ShortFenceGroup" instance=ExtResource("21_yc10j")]
transform = Transform3D(-4.37114e-08, 0, -1, 0, 1, 0, 1, 0, -4.37114e-08, 22.8514, 0, 34.8932)

[node name="fence_short23" parent="actualMap/ShortFenceGroup" instance=ExtResource("21_yc10j")]
transform = Transform3D(-4.37114e-08, 0, -1, 0, 1, 0, 1, 0, -4.37114e-08, 22.8514, 0, 32.628)

[node name="fence_short24" parent="actualMap/ShortFenceGroup" instance=ExtResource("21_yc10j")]
transform = Transform3D(-0.906912, 0, -0.421321, 0, 1, 0, 0.421321, 0, -0.906912, 23.9141, 0, 30.9879)

[node name="fence_short25" parent="actualMap/ShortFenceGroup" instance=ExtResource("21_yc10j")]
transform = Transform3D(-0.906912, 0, -0.421321, 0, 1, 0, 0.421321, 0, -0.906912, 25.9579, 0, 30.0025)

[node name="fence_short26" parent="actualMap/ShortFenceGroup" instance=ExtResource("21_yc10j")]
transform = Transform3D(-0.882406, 0, -0.470488, 0, 1, 0, 0.470488, 0, -0.882406, 25.4731, 0, 21.2502)

[node name="fence_short27" parent="actualMap/ShortFenceGroup" instance=ExtResource("21_yc10j")]
transform = Transform3D(-0.882406, 0, -0.470488, 0, 1, 0, 0.470488, 0, -0.882406, 27.4381, 0, 20.1518)

[node name="fence_short_group3" parent="actualMap/ShortFenceGroup" instance=ExtResource("18_jscy8")]
transform = Transform3D(-0.11081, 0, -0.993842, 0, 1, 0, 0.993842, 0, -0.11081, 23.0197, 0.00443491, 21.9436)

[node name="fence_short28" parent="actualMap/ShortFenceGroup" instance=ExtResource("21_yc10j")]
transform = Transform3D(-0.0219544, 0, -0.999759, 0, 1, 0, 0.999759, 0, -0.0219544, 24.0565, 0.00443467, 11.7017)

[node name="fence_short29" parent="actualMap/ShortFenceGroup" instance=ExtResource("21_yc10j")]
transform = Transform3D(0.111157, 0, -0.993803, 0, 1, 0, 0.993803, 0, 0.111157, 23.9397, 0.00443467, 9.42243)

[node name="fence_short30" parent="actualMap/ShortFenceGroup" instance=ExtResource("21_yc10j")]
transform = Transform3D(0.365267, 0, -0.930903, 0, 1, 0, 0.930903, 0, 0.365267, 23.3732, 0.00443467, 7.21447)

[node name="fence_short31" parent="actualMap/ShortFenceGroup" instance=ExtResource("21_yc10j")]
transform = Transform3D(0.453633, 0, -0.891189, 0, 1, 0, 0.891189, 0, 0.453633, 22.4163, 0.00443467, 5.14966)

[node name="fence_short32" parent="actualMap/ShortFenceGroup" instance=ExtResource("21_yc10j")]
transform = Transform3D(0.543878, 0, -0.839164, 0, 1, 0, 0.839164, 0, 0.543878, 21.2812, 0.00443467, 3.19006)

[node name="fence_short33" parent="actualMap/ShortFenceGroup" instance=ExtResource("21_yc10j")]
transform = Transform3D(0.543878, 0, -0.839164, 0, 1, 0, 0.839164, 0, 0.543878, 20.0393, 0.00443467, 1.26925)

[node name="fence_short34" parent="actualMap/ShortFenceGroup" instance=ExtResource("21_yc10j")]
transform = Transform3D(0.543878, 0, -0.839164, 0, 1, 0, 0.839164, 0, 0.543878, 18.7783, 0.00443467, -0.65525)

[node name="fence_short35" parent="actualMap/ShortFenceGroup" instance=ExtResource("21_yc10j")]
transform = Transform3D(0.543878, 0, -0.839164, 0, 1, 0, 0.839164, 0, 0.543878, 17.5285, 0.00443467, -2.5647)

[node name="fence_short36" parent="actualMap/ShortFenceGroup" instance=ExtResource("21_yc10j")]
transform = Transform3D(0.245341, 0, -0.969437, 0, 1, 0, 0.969437, 0, 0.245341, 16.7099, 0.00443467, -4.55584)

[node name="fence_short37" parent="actualMap/ShortFenceGroup" instance=ExtResource("21_yc10j")]
transform = Transform3D(0.245341, 0, -0.969437, 0, 1, 0, 0.969437, 0, 0.245341, 16.1411, 0.00443467, -6.77964)

[node name="fence_short_group4" parent="actualMap/ShortFenceGroup" instance=ExtResource("18_jscy8")]
transform = Transform3D(1, 0, 0, 0, 1, 0, 0, 0, 1, 15.8575, 0.688016, -7.7229)

[node name="environmentSprites2D" type="Node3D" parent="actualMap"]

[node name="longShrub2" parent="actualMap/environmentSprites2D" instance=ExtResource("23_pm3ni")]
transform = Transform3D(0.978721, 0, 0.205196, 0, 1, 0, -0.205196, 0, 0.978721, 10.3535, 9.53674e-07, 45.3505)

[node name="longShrub3" parent="actualMap/environmentSprites2D" instance=ExtResource("23_pm3ni")]
transform = Transform3D(0.978721, 0, 0.205196, 0, 1, 0, -0.205196, 0, 0.978721, 9.63518, 9.53674e-07, 42.4164)

[node name="longShrub6" parent="actualMap/environmentSprites2D" instance=ExtResource("23_pm3ni")]
transform = Transform3D(0.978721, 0, 0.205196, 0, 1, 0, -0.205196, 0, 0.978721, 8.57111, 9.53674e-07, 37.7101)

[node name="longShrub7" parent="actualMap/environmentSprites2D" instance=ExtResource("23_pm3ni")]
transform = Transform3D(0.978721, 0, 0.205196, 0, 1, 0, -0.205196, 0, 0.978721, 8.70882, 9.53674e-07, 35.4361)

[node name="longShrub9" parent="actualMap/environmentSprites2D" instance=ExtResource("23_pm3ni")]
transform = Transform3D(0.978721, 0, 0.205196, 0, 1, 0, -0.205196, 0, 0.978721, 9.53906, 9.53674e-07, 30.3123)

[node name="longShrub10" parent="actualMap/environmentSprites2D" instance=ExtResource("23_pm3ni")]
transform = Transform3D(0.978721, 0, 0.205196, 0, 1, 0, -0.205196, 0, 0.978721, 9.87642, 9.53674e-07, 27.754)

[node name="longShrub11" parent="actualMap/environmentSprites2D" instance=ExtResource("23_pm3ni")]
transform = Transform3D(0.978721, 0, 0.205196, 0, 1, 0, -0.205196, 0, 0.978721, 10.3065, 9.53674e-07, 25.1425)

[node name="shortShrub" parent="actualMap/environmentSprites2D" instance=ExtResource("19_y6deb")]
transform = Transform3D(0.830217, 0, 0.557441, 0, 1, 0, -0.557441, 0, 0.830217, 8.645, 0.0299838, 40.2504)

[node name="shortShrub2" parent="actualMap/environmentSprites2D" instance=ExtResource("19_y6deb")]
transform = Transform3D(1, 0, 0, 0, 1, 0, 0, 0, 1, 9.82067, 0.0299838, 44.3178)

[node name="shortShrub3" parent="actualMap/environmentSprites2D" instance=ExtResource("19_y6deb")]
transform = Transform3D(1, 0, 0, 0, 1, 0, 0, 0, 1, 9.45731, 0.0299833, 35.1002)

[node name="shortShrub4" parent="actualMap/environmentSprites2D" instance=ExtResource("19_y6deb")]
transform = Transform3D(1, 0, 0, 0, 1, 0, 0, 0, 1, 7.10048, 0.0299838, 35.3123)

[node name="shortShrub9" parent="actualMap/environmentSprites2D" instance=ExtResource("19_y6deb")]
transform = Transform3D(1, 0, 0, 0, 1, 0, 0, 0, 1, 9.25357, 0.0299838, 38.2358)

[node name="shortShrub10" parent="actualMap/environmentSprites2D" instance=ExtResource("19_y6deb")]
transform = Transform3D(1, 0, 0, 0, 1, 0, 0, 0, 1, 8.28755, 0.0299838, 41.4632)

[node name="shortShrub5" parent="actualMap/environmentSprites2D" instance=ExtResource("19_y6deb")]
transform = Transform3D(1, 0, 0, 0, 1, 0, 0, 0, 1, 8.50888, 0.0299838, 23.264)

[node name="shortShrub6" parent="actualMap/environmentSprites2D" instance=ExtResource("19_y6deb")]
transform = Transform3D(1, 0, 0, 0, 1, 0, 0, 0, 1, 11.1486, 0.0299842, 25.9919)

[node name="shortShrub7" parent="actualMap/environmentSprites2D" instance=ExtResource("19_y6deb")]
transform = Transform3D(1, 0, 0, 0, 1, 0, 0, 0, 1, 8.02806, 0.0299842, 31.1825)

[node name="shortShrub8" parent="actualMap/environmentSprites2D" instance=ExtResource("19_y6deb")]
transform = Transform3D(1, 0, 0, 0, 1, 0, 0, 0, 1, 7.87948, 0.0299842, 33.4304)

[node name="spikyShrub" parent="actualMap/environmentSprites2D" instance=ExtResource("20_og1vs")]
transform = Transform3D(1, 0, 0, 0, 1, 0, 0, 0, 1, 10.9091, 0, 46.122)

[node name="spikyShrub2" parent="actualMap/environmentSprites2D" instance=ExtResource("20_og1vs")]
transform = Transform3D(1, 0, 0, 0, 1, 0, 0, 0, 1, 10.37, 0, 47.3205)

[node name="spikyShrub3" parent="actualMap/environmentSprites2D" instance=ExtResource("20_og1vs")]
transform = Transform3D(1, 0, 0, 0, 1, 0, 0, 0, 1, 8.88137, 4.76837e-07, 40.6434)

[node name="spikyShrub4" parent="actualMap/environmentSprites2D" instance=ExtResource("20_og1vs")]
transform = Transform3D(1, 0, 0, 0, 1, 0, 0, 0, 1, 9.95683, 2.38419e-07, 43.4576)

[node name="spikyShrub5" parent="actualMap/environmentSprites2D" instance=ExtResource("20_og1vs")]
transform = Transform3D(1, 0, 0, 0, 1, 0, 0, 0, 1, 9.7291, 2.38419e-07, 36.462)

[node name="spikyShrub6" parent="actualMap/environmentSprites2D" instance=ExtResource("20_og1vs")]
transform = Transform3D(1, 0, 0, 0, 1, 0, 0, 0, 1, 10.9846, -2.38419e-07, 29.0221)

[node name="spikyShrub7" parent="actualMap/environmentSprites2D" instance=ExtResource("20_og1vs")]
transform = Transform3D(1, 0, 0, 0, 1, 0, 0, 0, 1, 9.01897, -2.38419e-07, 19.8741)

[node name="spikyShrub8" parent="actualMap/environmentSprites2D" instance=ExtResource("20_og1vs")]
transform = Transform3D(1, 0, 0, 0, 1, 0, 0, 0, 1, 7.75969, -2.38419e-07, 34.594)

[node name="spikyShrub9" parent="actualMap/environmentSprites2D" instance=ExtResource("20_og1vs")]
transform = Transform3D(1, 0, 0, 0, 1, 0, 0, 0, 1, 8.793, -7.15256e-07, 33.1579)

[node name="spikyShrub10" parent="actualMap/environmentSprites2D" instance=ExtResource("20_og1vs")]
transform = Transform3D(1, 0, 0, 0, 1, 0, 0, 0, 1, 8.54518, -7.15256e-07, 31.9499)

[node name="spikyShrub11" parent="actualMap/environmentSprites2D" instance=ExtResource("20_og1vs")]
transform = Transform3D(1, 0, 0, 0, 1, 0, 0, 0, 1, 9.45803, -7.15256e-07, 32.248)

[node name="spikyShrub12" parent="actualMap/environmentSprites2D" instance=ExtResource("20_og1vs")]
transform = Transform3D(1, 0, 0, 0, 1, 0, 0, 0, 1, 8.1111, -1.19209e-06, 29.1928)

[node name="spikyShrub13" parent="actualMap/environmentSprites2D" instance=ExtResource("20_og1vs")]
transform = Transform3D(1, 0, 0, 0, 1, 0, 0, 0, 1, 8.13874, -1.66893e-06, 26.7981)

[node name="spikyShrub14" parent="actualMap/environmentSprites2D" instance=ExtResource("20_og1vs")]
transform = Transform3D(1, 0, 0, 0, 1, 0, 0, 0, 1, 10.0526, -1.66893e-06, 28.3439)

[node name="spikyShrub15" parent="actualMap/environmentSprites2D" instance=ExtResource("20_og1vs")]
transform = Transform3D(1, 0, 0, 0, 1, 0, 0, 0, 1, 8.57836, -1.19209e-06, 24.4394)

[node name="spikyShrub16" parent="actualMap/environmentSprites2D" instance=ExtResource("20_og1vs")]
transform = Transform3D(1, 0, 0, 0, 1, 0, 0, 0, 1, 10.4946, -2.14577e-06, 22.5424)

[node name="spikyShrub17" parent="actualMap/environmentSprites2D" instance=ExtResource("20_og1vs")]
transform = Transform3D(1, 0, 0, 0, 1, 0, 0, 0, 1, 8.63898, -2.14577e-06, 21.817)

[node name="rockSprite" parent="actualMap/environmentSprites2D" instance=ExtResource("26_2wyq8")]
transform = Transform3D(1, 0, 0, 0, 1, 0, 0, 0, 1, 7.19617, 0, 37.6934)

[node name="rockSprite2" parent="actualMap/environmentSprites2D" instance=ExtResource("26_2wyq8")]
transform = Transform3D(1, 0, 0, 0, 1, 0, 0, 0, 1, 12.4465, 0, 44.6546)

[node name="rockSprite8" parent="actualMap/environmentSprites2D" instance=ExtResource("26_2wyq8")]
transform = Transform3D(1, 0, 0, 0, 1, 0, 0, 0, 1, 12.6988, 0, 48.1996)

[node name="rockSprite3" parent="actualMap/environmentSprites2D" instance=ExtResource("26_2wyq8")]
transform = Transform3D(1, 0, 0, 0, 1, 0, 0, 0, 1, 11.4074, 0, 27.804)

[node name="rockSprite10" parent="actualMap/environmentSprites2D" instance=ExtResource("26_2wyq8")]
transform = Transform3D(1, 0, 0, 0, 1, 0, 0, 0, 1, 7.55653, 9.53674e-07, 20.7195)

[node name="rockSprite11" parent="actualMap/environmentSprites2D" instance=ExtResource("26_2wyq8")]
transform = Transform3D(1, 0, 0, 0, 1, 0, 0, 0, 1, 9.88983, 9.53674e-07, 20.8263)

[node name="rockSprite12" parent="actualMap/environmentSprites2D" instance=ExtResource("26_2wyq8")]
transform = Transform3D(1, 0, 0, 0, 1, 0, 0, 0, 1, 8.82126, 4.76837e-07, 18.2525)

