[gd_scene load_steps=19 format=3 uid="uid://b6nb1vhgf1r7l"]

[ext_resource type="PackedScene" uid="uid://d31nctok4l7pn" path="res://scenes/player/models/brenna.fbx" id="1_074fp"]
[ext_resource type="Animation" uid="uid://si1rasbgina0" path="res://scenes/player/animations/dash.res" id="2_0cyae"]
[ext_resource type="Script" uid="uid://bv0h83cg14xrx" path="res://scenes/player/brenna_model.gd" id="2_p4go6"]
[ext_resource type="Animation" uid="uid://mqrvvi7v747x" path="res://scenes/player/animations/die.res" id="3_p4go6"]
[ext_resource type="Animation" uid="uid://uut1sdejt4cs" path="res://scenes/player/animations/hurt.res" id="4_riu7c"]
[ext_resource type="Animation" uid="uid://4sdnbix7wqlt" path="res://scenes/player/animations/idle.res" id="5_63dxr"]
[ext_resource type="Animation" uid="uid://ygpmdvtk063k" path="res://scenes/player/animations/run.res" id="6_r52c5"]

[sub_resource type="AnimationLibrary" id="AnimationLibrary_wj11o"]
_data = {
&"dash": ExtResource("2_0cyae"),
&"die": ExtResource("3_p4go6"),
&"hurt": ExtResource("4_riu7c"),
&"idle": ExtResource("5_63dxr"),
&"run": ExtResource("6_r52c5")
}

[sub_resource type="AnimationNodeAnimation" id="AnimationNodeAnimation_0cyae"]
animation = &"brenna/hurt"

[sub_resource type="AnimationNodeAnimation" id="AnimationNodeAnimation_074fp"]
animation = &"brenna/dash"

[sub_resource type="AnimationNodeTimeScale" id="AnimationNodeTimeScale_0cyae"]

[sub_resource type="AnimationNodeTimeScale" id="AnimationNodeTimeScale_p4go6"]

[sub_resource type="AnimationNodeTimeScale" id="AnimationNodeTimeScale_63dxr"]

[sub_resource type="AnimationNodeTimeScale" id="AnimationNodeTimeScale_riu7c"]

[sub_resource type="AnimationNodeAnimation" id="AnimationNodeAnimation_63dxr"]
animation = &"brenna/idle"

[sub_resource type="AnimationNodeAnimation" id="AnimationNodeAnimation_r52c5"]
animation = &"brenna/run"

[sub_resource type="AnimationNodeTransition" id="AnimationNodeTransition_e1h8y"]
xfade_time = 0.05
input_0/name = "idle"
input_0/auto_advance = false
input_0/break_loop_at_end = false
input_0/reset = true
input_1/name = "running"
input_1/auto_advance = false
input_1/break_loop_at_end = false
input_1/reset = true
input_2/name = "dashing"
input_2/auto_advance = false
input_2/break_loop_at_end = false
input_2/reset = true
input_3/name = "hurt"
input_3/auto_advance = false
input_3/break_loop_at_end = false
input_3/reset = true

[sub_resource type="AnimationNodeBlendTree" id="AnimationNodeBlendTree_cnkll"]
graph_offset = Vector2(-708.934, -67.8878)
nodes/Animation/node = SubResource("AnimationNodeAnimation_074fp")
nodes/Animation/position = Vector2(-420, 320)
"nodes/Animation 2/node" = SubResource("AnimationNodeAnimation_0cyae")
"nodes/Animation 2/position" = Vector2(-420, 520)
nodes/TimeScale/node = SubResource("AnimationNodeTimeScale_riu7c")
nodes/TimeScale/position = Vector2(-200, -100)
"nodes/TimeScale 2/node" = SubResource("AnimationNodeTimeScale_0cyae")
"nodes/TimeScale 2/position" = Vector2(-200, 100)
"nodes/TimeScale 3/node" = SubResource("AnimationNodeTimeScale_p4go6")
"nodes/TimeScale 3/position" = Vector2(-200, 300)
"nodes/TimeScale 4/node" = SubResource("AnimationNodeTimeScale_63dxr")
"nodes/TimeScale 4/position" = Vector2(-200, 540)
nodes/idle_anim/node = SubResource("AnimationNodeAnimation_63dxr")
nodes/idle_anim/position = Vector2(-420, -120)
nodes/output/position = Vector2(340, 160)
nodes/run_anim/node = SubResource("AnimationNodeAnimation_r52c5")
nodes/run_anim/position = Vector2(-420, 100)
nodes/state_anim/node = SubResource("AnimationNodeTransition_e1h8y")
nodes/state_anim/position = Vector2(120, 140)
node_connections = [&"TimeScale", 0, &"idle_anim", &"TimeScale 2", 0, &"run_anim", &"TimeScale 3", 0, &"Animation", &"TimeScale 4", 0, &"Animation 2", &"output", 0, &"state_anim", &"state_anim", 0, &"TimeScale", &"state_anim", 1, &"TimeScale 2", &"state_anim", 2, &"TimeScale 3", &"state_anim", 3, &"TimeScale 4"]

[node name="brennaModel" instance=ExtResource("1_074fp")]
script = ExtResource("2_p4go6")

[node name="Group" parent="." index="0"]
transform = Transform3D(-1, 0, -8.74228e-08, 0, 1, 0, 8.74228e-08, 0, -1, 0, 0, 0)

[node name="model_FKParentConstraintToChest_M" parent="Group/model_MotionSystem/model_FKSystem" index="0"]
transform = Transform3D(0.107006, -0.521245, 0.846672, 0.994023, 0.0746082, -0.0796977, -0.0216266, 0.850139, 0.526114, -0.0510316, 1.31051, 0.059338)

[node name="model_FKNeck_M" parent="Group/model_MotionSystem/model_FKSystem/model_FKParentConstraintToChest_M/model_FKOffsetNeck_M/model_FKExtraNeck_M" index="0"]
transform = Transform3D(0.999996, -0.0028267, 0.00043947, 0.00282476, 0.999987, 0.00435608, -0.000451778, -0.00435482, 0.99999, 0, 0, 0)

[node name="Skeleton3D" parent="Group/model_MotionSystem/model_FKSystem/model_FKParentConstraintToChest_M/model_FKOffsetNeck_M" index="1"]
bones/0/rotation = Quaternion(-0.000725911, 7.4271e-05, 0.000470958, 1)
bones/2/rotation = Quaternion(-0.000725912, 7.4271e-05, 0.000470958, 1)
bones/7/rotation = Quaternion(-0.000725911, 7.4271e-05, 0.000470958, 1)
bones/15/position = Vector3(-0.0069749, -0.0145593, -0.00980391)
bones/15/rotation = Quaternion(0.274028, 0.00679831, -0.234276, 0.932726)
bones/17/rotation = Quaternion(-0.159062, -0.185993, 0.889087, -0.38682)
bones/19/rotation = Quaternion(0.320774, -0.0542174, 0.166324, 0.93086)
bones/23/rotation = Quaternion(-0.000356153, -0.16306, 0.0525067, 0.985218)
bones/27/rotation = Quaternion(0.000390922, -0.0232615, -0.00174201, 0.999728)
bones/31/rotation = Quaternion(-0.0338895, -0.120932, 0.17831, 0.975926)
bones/35/rotation = Quaternion(0, 0, 0.229257, 0.973366)
bones/39/rotation = Quaternion(0, 0, 0.239795, 0.970824)
bones/42/rotation = Quaternion(0.0129949, -0.00760632, -0.06739, 0.997613)
bones/46/rotation = Quaternion(0.00172952, -0.0578124, 0.192346, 0.979621)
bones/50/rotation = Quaternion(0, 0, 0.0951741, 0.995461)
bones/54/rotation = Quaternion(0, 0, 0.175913, 0.984406)
bones/58/rotation = Quaternion(0, 0, 0.168444, 0.985711)
bones/62/rotation = Quaternion(0, 0, 0.131674, 0.991293)

[node name="model_FKScapula_R" parent="Group/model_MotionSystem/model_FKSystem/model_FKParentConstraintToChest_M/model_FKOffsetScapula_R/model_FKExtraScapula_R" index="0"]
transform = Transform3D(1, 0, 0, 0, 1, 0, 0, 0, 1, -0.000891108, 0.00363744, -0.00873507)

[node name="Skeleton3D" parent="Group/model_MotionSystem/model_FKSystem/model_FKParentConstraintToChest_M/model_FKOffsetScapula_R/model_FKExtraScapula_R/model_FKScapula_R" index="0"]
bones/3/rotation = Quaternion(0.0969878, 0.238341, 0.0629705, 0.964273)
bones/7/rotation = Quaternion(0.0311222, -0.0729704, 0.198417, 0.976902)

[node name="model_FKScapula_L" parent="Group/model_MotionSystem/model_FKSystem/model_FKParentConstraintToChest_M/model_FKOffsetScapula_L/model_FKExtraScapula_L" index="0"]
transform = Transform3D(0.998977, 0.0174499, -0.0417158, -0.0148564, 0.997985, 0.0616922, 0.0427083, -0.0610094, 0.997223, -0.000728353, -0.00363815, 0.00874985)

[node name="Skeleton3D" parent="Group/model_MotionSystem/model_FKSystem/model_FKParentConstraintToChest_M/model_FKOffsetScapula_L/model_FKExtraScapula_L/model_FKScapula_L" index="0"]
bones/3/rotation = Quaternion(0.00204519, 0.0129016, 0.270139, 0.962733)
bones/7/rotation = Quaternion(0.00585697, 0.0323989, 0.173334, 0.984313)

[node name="model_FKParentConstraintToRoot_M" parent="Group/model_MotionSystem/model_FKSystem" index="1"]
transform = Transform3D(-0.0273944, -0.33446, 0.942012, 0.971658, -0.230259, -0.0534967, 0.2348, 0.913847, 0.331288, -0.0431235, 0.961966, -0.0121691)

[node name="model_FKOffsetRoot_M" parent="Group/model_MotionSystem/model_FKSystem" index="2"]
transform = Transform3D(-0.0273943, -0.21034, 0.977244, 0.971658, -0.235232, -0.0233931, 0.2348, 0.948906, 0.210823, -0.0428593, 1.00565, -0.0085461)

[node name="model_FKRoot_M" parent="Group/model_MotionSystem/model_FKSystem/model_FKOffsetRoot_M/model_FKExtraRoot_M" index="0"]
transform = Transform3D(1, 0, 0, 0, 1, 0, 0, 0, 1, 0, 0, 0)

[node name="Skeleton3D" parent="Group/model_MotionSystem/model_FKSystem/model_FKOffsetRoot_M" index="1"]
bones/14/rotation = Quaternion(-0.058909, 0.00618238, 0.0596826, 0.996459)
bones/15/rotation = Quaternion(-0.019657, 0.00206296, 0.0199151, 0.999606)
bones/17/rotation = Quaternion(-0.019657, 0.00206296, 0.0199151, 0.999606)
bones/22/rotation = Quaternion(-0.019657, 0.00206296, 0.0199151, 0.999606)
bones/28/rotation = Quaternion(-0.0663247, -0.0285454, 0.0817696, 0.994032)

[node name="model_IKcvOffsetSplineTailB1_R" parent="Group/model_MotionSystem/model_IKSystem/model_IKHandle/model_IKHandleFollowMain" index="0"]
transform = Transform3D(0.999557, -0.0246246, -0.0167351, 0.0258337, 0.996746, 0.0763534, 0.0148004, -0.0767519, 0.99694, -0.12299, 1.46421, -0.02728)

[node name="model_IKcvOffsetSplineTailB2_R" parent="Group/model_MotionSystem/model_IKSystem/model_IKHandle/model_IKHandleFollowMain" index="1"]
transform = Transform3D(0.999557, -0.0246246, -0.0167351, 0.0258337, 0.996746, 0.0763534, 0.0148004, -0.0767519, 0.99694, -0.185015, 1.35638, -0.0855192)

[node name="model_IKcvOffsetSplineTailB3_R" parent="Group/model_MotionSystem/model_IKSystem/model_IKHandle/model_IKHandleFollowMain" index="2"]
transform = Transform3D(0.999557, -0.0246246, -0.0167351, 0.0258337, 0.996746, 0.0763534, 0.0148004, -0.0767519, 0.99694, -0.230339, 1.24639, -0.123789)

[node name="model_IKcvOffsetSplineTailB4_R" parent="Group/model_MotionSystem/model_IKSystem/model_IKHandle/model_IKHandleFollowMain" index="3"]
transform = Transform3D(0.999557, -0.0246246, -0.0167351, 0.0258337, 0.996746, 0.0763534, 0.0148004, -0.0767519, 0.99694, -0.265093, 1.11231, -0.121298)

[node name="model_IKcvOffsetSplineTailB5_R" parent="Group/model_MotionSystem/model_IKSystem/model_IKHandle/model_IKHandleFollowMain" index="4"]
transform = Transform3D(0.999557, -0.0246246, -0.0167351, 0.0258337, 0.996746, 0.0763534, 0.0148004, -0.0767519, 0.99694, -0.27497, 0.961239, -0.0488942)

[node name="model_IKOffsetSplineTailB2_R" parent="Group/model_MotionSystem/model_IKSystem/model_IKHandle/model_IKHandleFollowMain" index="5"]
transform = Transform3D(0.999557, -0.0246246, -0.0167351, 0.0258337, 0.996746, 0.0763534, 0.0148004, -0.0767519, 0.99694, -0.179859, 1.35948, -0.0798716)

[node name="model_IKOffsetSplineTailB3_R" parent="Group/model_MotionSystem/model_IKSystem/model_IKHandle/model_IKHandleFollowMain" index="6"]
transform = Transform3D(0.999557, -0.0246246, -0.0167351, 0.0258337, 0.996746, 0.0763534, 0.0148004, -0.0767519, 0.99694, -0.25976, 1.11079, -0.107658)

[node name="model_IKOffsetConstrainedSplineTailB1_R" parent="Group/model_MotionSystem/model_IKSystem/model_IKHandle/model_IKHandleFollowMain" index="7"]
transform = Transform3D(-0.0246409, -0.0167111, 0.999557, 0.99682, 0.0753867, 0.0258338, -0.075785, 0.997014, 0.0148004, -0.0443181, 1.59181, 0.0725656)

[node name="model_IKcvOffsetSpine1_M" parent="Group/model_MotionSystem/model_IKSystem/model_IKHandle/model_IKHandleFollowMain" index="9"]
transform = Transform3D(0.977244, 0.00602588, -0.212031, -0.023393, 0.996561, -0.0794957, 0.210823, 0.0826468, 0.974024, -0.0446417, 1.06887, 0.00673074)

[node name="model_IKcvOffsetSpine2_M" parent="Group/model_MotionSystem/model_IKSystem/model_IKHandle/model_IKHandleFollowMain" index="10"]
transform = Transform3D(0.977244, 0.00602588, -0.212031, -0.023393, 0.996561, -0.0794957, 0.210823, 0.0826468, 0.974024, -0.0464241, 1.13209, 0.0220076)

[node name="model_IKcvOffsetSpine3_M" parent="Group/model_MotionSystem/model_IKSystem/model_IKHandle/model_IKHandleFollowMain" index="11"]
transform = Transform3D(0.977244, 0.00602588, -0.212031, -0.023393, 0.996561, -0.0794957, 0.210823, 0.0826468, 0.974024, -0.0482064, 1.19531, 0.0372844)

[node name="model_IKcvOffsetSpine4_M" parent="Group/model_MotionSystem/model_IKSystem/model_IKHandle/model_IKHandleFollowMain" index="12"]
transform = Transform3D(0.977244, 0.00602588, -0.212031, -0.023393, 0.996561, -0.0794957, 0.210823, 0.0826468, 0.974024, -0.0469298, 1.24919, 0.0373459)

[node name="model_IKcvOffsetSpine5_M" parent="Group/model_MotionSystem/model_IKSystem/model_IKHandle/model_IKHandleFollowMain" index="13"]
transform = Transform3D(0.977244, 0.00602588, -0.212031, -0.023393, 0.996561, -0.0794957, 0.210823, 0.0826468, 0.974024, -0.0456532, 1.30308, 0.0374074)

[node name="model_IKOffsetSpine2_M" parent="Group/model_MotionSystem/model_IKSystem/model_IKHandle/model_IKHandleFollowMain" index="14"]
transform = Transform3D(0.977244, 0.00602588, -0.212031, -0.023393, 0.996561, -0.0794957, 0.210823, 0.0826468, 0.974024, -0.0475478, 1.17905, 0.0324267)

[node name="model_IKOffsetConstrainedSpine1_M" parent="Group/model_MotionSystem/model_IKSystem/model_IKHandle/model_IKHandleFollowMain" index="15"]
transform = Transform3D(0.977244, 0.00602588, -0.212031, -0.023393, 0.996561, -0.0794957, 0.210823, 0.0826468, 0.974024, -0.0428593, 1.00565, -0.0085461)

[node name="model_IKLeg_R" parent="Group/model_MotionSystem/model_IKSystem/model_IKHandle/model_IKHandleFollowMain/model_IKOffsetLeg_R/model_IKExtraLeg_R" index="0"]
transform = Transform3D(0.609191, 0, -0.793024, 0, 1, 0, 0.793024, 0, 0.609191, 0, 0, 0)

[node name="model_IKcvOffsetSplineTailB1_L" parent="Group/model_MotionSystem/model_IKSystem/model_IKHandle/model_IKHandleFollowMain" index="17"]
transform = Transform3D(0.999557, -0.0246246, -0.0167351, 0.0258337, 0.996746, 0.0763534, 0.0148004, -0.0767519, 0.99694, 0.0437584, 1.46852, -0.024811)

[node name="model_IKcvOffsetSplineTailB2_L" parent="Group/model_MotionSystem/model_IKSystem/model_IKHandle/model_IKHandleFollowMain" index="18"]
transform = Transform3D(0.999557, -0.0246246, -0.0167351, 0.0258337, 0.996746, 0.0763534, 0.0148004, -0.0767519, 0.99694, 0.112965, 1.36408, -0.081107)

[node name="model_IKcvOffsetSplineTailB3_L" parent="Group/model_MotionSystem/model_IKSystem/model_IKHandle/model_IKHandleFollowMain" index="19"]
transform = Transform3D(0.999557, -0.0246246, -0.0167351, 0.0258337, 0.996746, 0.0763534, 0.0148004, -0.0767519, 0.99694, 0.165022, 1.25661, -0.117934)

[node name="model_IKcvOffsetSplineTailB4_L" parent="Group/model_MotionSystem/model_IKSystem/model_IKHandle/model_IKHandleFollowMain" index="20"]
transform = Transform3D(0.999557, -0.0246246, -0.0167351, 0.0258337, 0.996746, 0.0763534, 0.0148004, -0.0767519, 0.99694, 0.206566, 1.1245, -0.114314)

[node name="model_IKcvOffsetSplineTailB5_L" parent="Group/model_MotionSystem/model_IKSystem/model_IKHandle/model_IKHandleFollowMain" index="21"]
transform = Transform3D(0.999557, -0.0246246, -0.0167351, 0.0258337, 0.996746, 0.0763534, 0.0148004, -0.0767519, 0.99694, 0.222084, 0.974085, -0.0415344)

[node name="model_IKOffsetSplineTailB2_L" parent="Group/model_MotionSystem/model_IKSystem/model_IKHandle/model_IKHandleFollowMain" index="22"]
transform = Transform3D(0.999557, -0.0246246, -0.0167351, 0.0258337, 0.996746, 0.0763534, 0.0148004, -0.0767519, 0.99694, 0.107492, 1.3669, -0.0756168)

[node name="model_IKOffsetSplineTailB3_L" parent="Group/model_MotionSystem/model_IKSystem/model_IKHandle/model_IKHandleFollowMain" index="23"]
transform = Transform3D(0.999557, -0.0246246, -0.0167351, 0.0258337, 0.996746, 0.0763534, 0.0148004, -0.0767519, 0.99694, 0.200916, 1.1227, -0.100837)

[node name="model_IKOffsetConstrainedSplineTailB1_L" parent="Group/model_MotionSystem/model_IKSystem/model_IKHandle/model_IKHandleFollowMain" index="24"]
transform = Transform3D(-0.0246409, -0.0167111, 0.999557, 0.99682, 0.0753867, 0.0258338, -0.075785, 0.997014, 0.0148004, -0.0443181, 1.59181, 0.0725656)

[node name="model_IKLeg_L" parent="Group/model_MotionSystem/model_IKSystem/model_IKHandle/model_IKHandleFollowMain/model_IKOffsetLeg_L/model_IKExtraLeg_L" index="0"]
transform = Transform3D(0.960475, -0.00091285, -0.278366, 0.000881794, 1, -0.000236769, 0.278366, -1.80505e-05, 0.960475, -0.0171738, 0.000247172, 0.143037)

[node name="model_IKmessureLoc1Arm_R" parent="Group/model_MotionSystem/model_IKSystem/model_IKMessure" index="0"]
transform = Transform3D(1, 0, 0, 0, 1, 0, 0, 0, 1, -0.132225, 1.42489, -0.0381213)

[node name="model_IKmessureLoc2Arm_R" parent="Group/model_MotionSystem/model_IKSystem/model_IKMessure/model_IKmessureLoc1Arm_R" index="0"]
transform = Transform3D(1, 0, 0, 0, 1, 0, 0, 0, 1, -0.355239, -0.262946, 0.0805673)

[node name="model_IKmessureLoc1Leg_R" parent="Group/model_MotionSystem/model_IKSystem/model_IKMessure" index="2"]
transform = Transform3D(1, 0, 0, 0, 1, 0, 0, 0, 1, -0.127313, 0.944181, -0.0498988)

[node name="model_IKmessureLoc2Leg_R" parent="Group/model_MotionSystem/model_IKSystem/model_IKMessure/model_IKmessureLoc1Leg_R" index="0"]
transform = Transform3D(1, 0, 0, 0, 1, 0, 0, 0, 1, 0.0651916, -0.884246, -0.148872)

[node name="model_IKmessureLoc1Arm_L" parent="Group/model_MotionSystem/model_IKSystem/model_IKMessure" index="4"]
transform = Transform3D(1, 0, 0, 0, 1, 0, 0, 0, 1, 0.0855013, 1.40793, 0.102871)

[node name="model_IKmessureLoc2Arm_L" parent="Group/model_MotionSystem/model_IKSystem/model_IKMessure/model_IKmessureLoc1Arm_L" index="0"]
transform = Transform3D(1, 0, 0, 0, 1, 0, 0, 0, 1, 0.401962, -0.245977, -0.0604248)

[node name="model_IKmessureLoc1Leg_L" parent="Group/model_MotionSystem/model_IKSystem/model_IKMessure" index="6"]
transform = Transform3D(1, 0, 0, 0, 1, 0, 0, 0, 1, 0.0438609, 0.93446, 0.0103)

[node name="model_IKmessureLoc2Leg_L" parent="Group/model_MotionSystem/model_IKSystem/model_IKMessure/model_IKmessureLoc1Leg_L" index="0"]
transform = Transform3D(1, 0, 0, 0, 1, 0, 0, 0, 1, 0.0709404, -0.874278, 0.0682106)

[node name="model_FKIKParentConstraintSplineTailB_R" parent="Group/model_MotionSystem/model_FKIKSystem" index="0"]
transform = Transform3D(-0.0246409, -0.0167111, 0.999557, 0.99682, 0.0753867, 0.0258338, -0.075785, 0.997014, 0.0148004, -0.0443181, 1.59181, 0.0725656)

[node name="model_FKIKSplineTailB_R" parent="Group/model_MotionSystem/model_FKIKSystem/model_FKIKParentConstraintSplineTailB_R" index="0"]
transform = Transform3D(1.31134e-07, 1, 0.000976519, -8.537e-11, -0.000976519, 1, 1, -1.31134e-07, -4.2685e-11, -0.0893135, -0.0554999, -0.14054)

[node name="model_FKIKParentConstraintArm_R" parent="Group/model_MotionSystem/model_FKIKSystem" index="1"]
transform = Transform3D(-0.818805, -0.553509, -0.152269, 0.0903177, -0.386148, 0.918005, -0.566922, 0.737915, 0.366171, -0.0606444, 1.417, 0.0114391)

[node name="model_FKIKArm_R" parent="Group/model_MotionSystem/model_FKIKSystem/model_FKIKParentConstraintArm_R" index="0"]
transform = Transform3D(-0.999958, 0.00912525, 3.98878e-10, 0, -4.37114e-08, 1, 0.00912525, 0.999958, 4.37096e-08, 0.226879, 0.0458623, -0.0113529)

[node name="model_FKIKParentConstraintLeg_R" parent="Group/model_MotionSystem/model_FKIKSystem" index="2"]
transform = Transform3D(-0.0273944, -0.33446, 0.942012, 0.971658, -0.230259, -0.0534967, 0.2348, 0.913847, 0.331288, -0.0431235, 0.961966, -0.0121691)

[node name="model_FKIKLeg_R" parent="Group/model_MotionSystem/model_FKIKSystem/model_FKIKParentConstraintLeg_R" index="0"]
transform = Transform3D(1.30046e-07, 0.987556, 0.157266, -1.37487e-08, -0.157266, 0.987556, 1, -1.3059e-07, -6.87433e-09, -0.13, 0.00428228, -0.215661)

[node name="model_FKIKParentConstraintSpine_M" parent="Group/model_MotionSystem/model_FKIKSystem" index="3"]
transform = Transform3D(-0.0273944, -0.33446, 0.942012, 0.971658, -0.230259, -0.0534967, 0.2348, 0.913847, 0.331288, -0.0431235, 0.961966, -0.0121691)

[node name="model_FKIKSpine_M" parent="Group/model_MotionSystem/model_FKIKSystem/model_FKIKParentConstraintSpine_M" index="0"]
transform = Transform3D(1.30046e-07, 0.987556, 0.157266, -1.37487e-08, -0.157266, 0.987556, 1, -1.3059e-07, -6.87433e-09, 0.112825, -3.55271e-17, 0.210996)

[node name="model_FKIKParentConstraintSplineTailB_L" parent="Group/model_MotionSystem/model_FKIKSystem" index="4"]
transform = Transform3D(-0.0246409, -0.0167111, 0.999557, 0.99682, 0.0753867, 0.0258338, -0.075785, 0.997014, 0.0148004, -0.0443181, 1.59181, 0.0725656)

[node name="model_FKIKSplineTailB_L" parent="Group/model_MotionSystem/model_FKIKSystem/model_FKIKParentConstraintSplineTailB_L" index="0"]
transform = Transform3D(1.31134e-07, 1, 0.000976519, -8.537e-11, -0.000976519, 1, 1, -1.31134e-07, -4.2685e-11, -0.0893135, -0.0554999, 0.14054)

[node name="model_FKIKParentConstraintArm_L" parent="Group/model_MotionSystem/model_FKIKSystem" index="5"]
transform = Transform3D(-0.8459, 0.487404, 0.216545, 0.0260547, 0.443294, -0.895998, -0.532705, -0.752282, -0.387681, 0.0115526, 1.4102, 0.0563016)

[node name="model_FKIKParentConstraintLeg_L" parent="Group/model_MotionSystem/model_FKIKSystem" index="6"]
transform = Transform3D(-0.0273944, -0.33446, 0.942012, 0.971658, -0.230259, -0.0534967, 0.2348, 0.913847, 0.331288, -0.0431235, 0.961966, -0.0121691)

[node name="model_FKIKLeg_L" parent="Group/model_MotionSystem/model_FKIKSystem/model_FKIKParentConstraintLeg_L" index="0"]
transform = Transform3D(1.30046e-07, 0.987556, 0.157266, -1.37487e-08, -0.157266, 0.987556, 1, -1.3059e-07, -6.87433e-09, -0.13, 0.00428228, 0.215661)

[node name="Skeleton3D" parent="Group/model_DeformationSystem" index="0"]
bones/1/position = Vector3(-0.0431235, 0.961966, -0.0121691)
bones/1/rotation = Quaternion(0.466791, 0.341265, 0.630266, 0.518082)
bones/2/rotation = Quaternion(4.93038e-32, 3.08149e-32, 1.38778e-17, 1)
bones/3/rotation = Quaternion(4.93038e-32, 3.08149e-32, 1.38778e-17, 1)
bones/4/rotation = Quaternion(-0.0192656, 0.00441482, -0.100591, 0.994732)
bones/5/rotation = Quaternion(-0.019657, 0.00206296, 0.0199151, 0.999606)
bones/6/rotation = Quaternion(-0.019657, 0.00206296, 0.0199151, 0.999606)
bones/7/position = Vector3(0.0538994, 0, -4.28354e-17)
bones/7/rotation = Quaternion(-0.070594, -0.0151753, -0.112077, 0.991073)
bones/8/rotation = Quaternion(-0.000728181, -4.70725e-05, 0.16621, 0.98609)
bones/9/rotation = Quaternion(0.0938642, 0.000118485, 0.000461822, 0.995585)
bones/10/rotation = Quaternion(0.0938642, 0.000203337, 0.000431244, 0.995585)
bones/11/position = Vector3(0.0406839, -0.0179286, -0.00341407)
bones/11/rotation = Quaternion(0.0896644, -0.00606603, -0.16999, 0.981339)
bones/12/rotation = Quaternion(-0.254878, 0.159491, 0.831565, -0.467012)
bones/13/rotation = Quaternion(-0.0112795, -0.111385, -0.0233579, 0.993439)
bones/14/rotation = Quaternion(0.00335337, -0.0436084, -0.0871866, 0.995232)
bones/15/rotation = Quaternion(-0.0547247, -0.094472, 0.00473983, 0.994011)
bones/16/rotation = Quaternion(0.0216086, 0.0154173, -0.0004078, 0.999648)
bones/17/rotation = Quaternion(-0.0480364, -0.24529, 0.0731075, 0.965495)
bones/18/rotation = Quaternion(-0.181772, 0.144412, 0.325328, 0.91666)
bones/19/rotation = Quaternion(0.00612764, -0.00688573, 0.116086, 0.993196)
bones/20/rotation = Quaternion(0.00294998, -0.0207928, 0.00982489, 0.999731)
bones/21/rotation = Quaternion(-0.000155793, 0.0187318, -0.000153065, 0.999825)
bones/22/rotation = Quaternion(0.0206108, 0.0167279, -0.0624085, 0.997698)
bones/23/rotation = Quaternion(-0.0207945, -0.249083, -0.0334181, 0.967682)
bones/25/rotation = Quaternion(0.0353441, -0.00388176, -0.00228691, 0.999365)
bones/26/rotation = Quaternion(0.0352891, -0.00370293, 0.00255244, 0.999367)
bones/28/position = Vector3(-0.0135402, -0.0105844, 0.0329223)
bones/28/rotation = Quaternion(0.0308581, 0.000392423, -0.0128596, 0.999441)
bones/29/position = Vector3(-0.0162629, -0.00836294, 0.0334863)
bones/29/rotation = Quaternion(0.0573392, -0.00205607, -0.0184758, 0.998182)
bones/30/position = Vector3(-0.0280753, 0.00244427, 0.0370428)
bones/30/rotation = Quaternion(0.0484047, -0.00838577, 0.000745057, 0.998792)
bones/31/position = Vector3(-0.0468238, 0.00652911, 0.0198595)
bones/31/rotation = Quaternion(0.0138774, -0.00588794, 0.0133447, 0.999797)
bones/32/position = Vector3(-0.0513987, 0.00335946, 0.0151893)
bones/32/rotation = Quaternion(0.000956648, -0.000160557, 0.0015188, 0.999998)
bones/33/position = Vector3(-0.0268805, -0.0113962, 0.0354897)
bones/33/rotation = Quaternion(-0.0382613, 0.0159739, -0.000249651, 0.99914)
bones/34/position = Vector3(-0.0362778, -0.00978357, 0.0336248)
bones/34/rotation = Quaternion(-0.0612696, 0.0264925, -0.0180094, 0.997607)
bones/35/position = Vector3(-0.0479769, -0.00255481, 0.021407)
bones/35/rotation = Quaternion(-0.0370894, 0.0177168, -0.0372051, 0.998462)
bones/36/position = Vector3(0.0134507, -0.010571, 0.0328891)
bones/36/rotation = Quaternion(0.0306674, -0.00172827, 0.0128283, 0.999446)
bones/37/position = Vector3(0.0161439, -0.00832243, 0.033457)
bones/37/rotation = Quaternion(0.0567615, 0.000325876, 0.0183983, 0.998218)
bones/38/position = Vector3(0.0280862, 0.00253514, 0.0370365)
bones/38/rotation = Quaternion(0.0471797, 0.00853617, -0.000733284, 0.99885)
bones/39/position = Vector3(0.0468194, 0.0065759, 0.0198484)
bones/39/rotation = Quaternion(0.0132712, 0.00597079, -0.0127639, 0.999813)
bones/40/position = Vector3(0.0513892, 0.00336097, 0.015204)
bones/40/rotation = Quaternion(0.000942971, -0.000146444, -0.00149606, 0.999998)
bones/41/position = Vector3(0.0272293, -0.0119377, 0.0353134)
bones/41/rotation = Quaternion(-0.0306174, -0.0110661, 0.000350265, 0.99947)
bones/42/position = Vector3(0.0367626, -0.0104271, 0.0332965)
bones/42/rotation = Quaternion(-0.052268, -0.0185371, 0.0158179, 0.998336)
bones/43/position = Vector3(0.0481441, -0.00298294, 0.0211881)
bones/43/rotation = Quaternion(-0.0318698, -0.0131482, 0.0322634, 0.998885)
bones/45/position = Vector3(-0.00835103, 0.00130851, -0.00858242)
bones/46/position = Vector3(-0.0150896, 0.00118203, -0.0145329)
bones/47/position = Vector3(-0.0222115, -0.00104227, -0.0221288)
bones/48/position = Vector3(-0.0235785, -0.00227158, -0.0253606)
bones/49/position = Vector3(-0.00489009, 0.00370314, -0.00714407)
bones/50/position = Vector3(-0.0177905, 0.000903228, -0.0173722)
bones/51/position = Vector3(-0.0221705, -0.00132902, -0.0226776)
bones/52/position = Vector3(0.00827604, 0.00128726, -0.00852283)
bones/53/position = Vector3(0.0150847, 0.00104844, -0.0143763)
bones/54/position = Vector3(0.022306, -0.00155147, -0.0217572)
bones/55/position = Vector3(0.0237165, -0.00295929, -0.0248834)
bones/56/position = Vector3(0.00518889, 0.00367252, -0.00700622)
bones/57/position = Vector3(0.0180997, 0.000605764, -0.0169643)
bones/58/position = Vector3(0.0223779, -0.00187457, -0.0222163)
bones/59/position = Vector3(-0.0434633, -0.0218964, 0.0843223)
bones/60/position = Vector3(0.0435346, -0.021918, 0.0843394)
bones/64/position = Vector3(-0.0162617, -0.0193353, 0.0969043)
bones/65/position = Vector3(0.0165276, -0.0197628, 0.0967437)
bones/67/position = Vector3(-0.0241878, -0.0580015, 0.0864442)
bones/68/position = Vector3(0.0245886, -0.0586021, 0.0867313)
bones/69/position = Vector3(-0.0311007, -0.0397238, 0.0858796)
bones/70/position = Vector3(0.0309737, -0.040048, 0.0862115)
bones/71/position = Vector3(-0.0528927, -0.0407755, 0.0656335)
bones/72/position = Vector3(0.0533225, -0.0409903, 0.0656978)
bones/73/position = Vector3(0.000332443, -0.0625047, 0.0942201)
bones/77/position = Vector3(-0.0137656, 0.0158874, 0.0924321)
bones/78/position = Vector3(0.0123136, 0.0159391, 0.0924283)
bones/81/position = Vector3(-0.026299, 0.0244486, 0.0929948)
bones/83/position = Vector3(0.000415554, -0.024245, 0.0307283)
bones/84/position = Vector3(0.105859, -0.0277651, -0.041826)
bones/84/rotation = Quaternion(-0.165176, 0.684218, 0.166386, 0.690564)
bones/85/rotation = Quaternion(-0.216285, 0.55799, 0.110381, 0.793527)
bones/86/rotation = Quaternion(0.0334085, 1.18907e-24, -6.20385e-25, 0.999442)
bones/87/rotation = Quaternion(0.0334085, 1.18907e-24, -6.20385e-25, 0.999442)
bones/88/rotation = Quaternion(0.0468453, -0.0906255, 0.389248, 0.915466)
bones/89/rotation = Quaternion(0.0106156, 5.68687e-25, 2.58494e-25, 0.999944)
bones/90/rotation = Quaternion(0.0106156, 5.68687e-25, 2.58494e-25, 0.999944)
bones/91/rotation = Quaternion(0.213443, -0.128352, -0.0227534, 0.96822)
bones/108/position = Vector3(0.105859, -0.0277651, 0.0434455)
bones/108/rotation = Quaternion(-0.662692, -0.18827, 0.700787, -0.185176)
bones/109/rotation = Quaternion(-0.133273, 0.400223, 0.32725, 0.845557)
bones/110/rotation = Quaternion(0.000708119, -6.03422e-25, 1.77715e-25, 1)
bones/111/rotation = Quaternion(0.000708119, -6.03422e-25, 1.77715e-25, 1)
bones/112/rotation = Quaternion(-0.00576853, 0.0304387, 0.371508, 0.927913)
bones/113/rotation = Quaternion(0.00198341, -5.72987e-37, 0, 0.999998)
bones/114/rotation = Quaternion(0.00198341, -5.72987e-37, 0, 0.999998)
bones/115/rotation = Quaternion(0.205077, -0.128543, -0.0216446, 0.970027)
bones/132/rotation = Quaternion(0.223858, 0.960341, -0.0993866, 0.133251)
bones/133/rotation = Quaternion(0.0996684, 2.58494e-26, 3.87741e-26, 0.995021)
bones/134/rotation = Quaternion(0.0996684, 2.58494e-26, 3.87741e-26, 0.995021)
bones/135/rotation = Quaternion(0.0876839, 0.0473848, -0.473057, 0.875376)
bones/136/rotation = Quaternion(-0.102681, 0.0307011, 0.2972, 0.948782)
bones/137/rotation = Quaternion(-0.0433924, 0.043188, 0.628592, 0.775322)
bones/138/rotation = Quaternion(0.903537, -0.41876, -0.0463149, -0.078202)
bones/139/rotation = Quaternion(-0.0264739, 1.29247e-26, -1.27631e-25, 0.99965)
bones/140/rotation = Quaternion(-0.0264739, 1.29247e-26, -1.27631e-25, 0.99965)
bones/141/rotation = Quaternion(-0.0227887, -0.0134736, -0.508762, 0.8605)
bones/142/rotation = Quaternion(0.0103157, 0.0530867, 0.218449, 0.974349)
bones/143/rotation = Quaternion(-0.0433921, 0.0431879, 0.628589, 0.775324)

[node name="model_FaceMotionSystem" parent="Group/model_FaceGroup" index="0"]
transform = Transform3D(0.999557, -0.0246246, -0.0167351, 0.0258337, 0.996746, 0.0763534, 0.0148004, -0.0767519, 0.99694, -0.0443181, 1.59181, 0.0725656)

[node name="model_lowerLipFollow_M" parent="Group/model_FaceGroup/model_FaceMotionSystem/model_ControlsSetup/model_OnFacecontrols/model_SideReverse_M/model_LipRegionOffset_M/model_SDKLipRegion_M/model_LipRegion_M/model_lowerLipOffset_M" index="0"]
transform = Transform3D(1, 0, 0, 0, 1, 0, 0, 0, 1, 0.000370679, 0.00368253, 0.00528472)

[node name="model_lowerLip_M" parent="Group/model_FaceGroup/model_FaceMotionSystem/model_ControlsSetup/model_OnFacecontrols/model_SideReverse_M/model_LipRegionOffset_M/model_SDKLipRegion_M/model_LipRegion_M/model_lowerLipOffset_M/model_lowerLipFollow_M/model_SDKlowerLip_M" index="0"]
transform = Transform3D(1, 0, 0, 0, 1, 0, 0, 0, 1, 3.15113e-06, 0.000924702, -0.00262088)

[node name="model_LipFollow_R" parent="Group/model_FaceGroup/model_FaceMotionSystem/model_ControlsSetup/model_OnFacecontrols/model_SideReverse_M/model_LipRegionOffset_M/model_SDKLipRegion_M/model_LipRegion_M/model_LipOffset_R" index="0"]
transform = Transform3D(1, -4.13009e-15, 2.21101e-16, 4.13009e-15, 1, 3.15485e-14, -2.21101e-16, -3.15485e-14, 1, -0.00233378, 0.00184069, 0.00125378)

[node name="model_SDKLip_R" parent="Group/model_FaceGroup/model_FaceMotionSystem/model_ControlsSetup/model_OnFacecontrols/model_SideReverse_M/model_LipRegionOffset_M/model_SDKLipRegion_M/model_LipRegion_M/model_LipOffset_R/model_LipFollow_R" index="0"]
transform = Transform3D(1, 0, 0, 0, 1, 0, 0, 0, 1, 0.00343033, -0.00357451, 0.000792111)

[node name="model_LipFollow_L" parent="Group/model_FaceGroup/model_FaceMotionSystem/model_ControlsSetup/model_OnFacecontrols/model_SideReverse_M/model_LipRegionOffset_M/model_SDKLipRegion_M/model_LipRegion_M/model_LipOffset_L" index="0"]
transform = Transform3D(1, 3.73101e-17, 1.11031e-16, -3.73101e-17, 1, 1.70897e-17, -1.11031e-16, -1.70897e-17, 1, -0.00213601, 0.00184055, 0.00156733)

[node name="model_SDKLip_L" parent="Group/model_FaceGroup/model_FaceMotionSystem/model_ControlsSetup/model_OnFacecontrols/model_SideReverse_M/model_LipRegionOffset_M/model_SDKLipRegion_M/model_LipRegion_M/model_LipOffset_L/model_LipFollow_L" index="0"]
transform = Transform3D(1, 0, 0, 0, 1, 0, 0, 0, 1, 0.00293955, -0.00418682, 0.000808526)

[node name="model_LipFollowHead" parent="Group/model_FaceGroup/model_FaceDeformationSystem/model_LipSetup" index="1"]
transform = Transform3D(-0.0246409, -0.0167111, 0.999557, 0.99682, 0.0753867, 0.0258338, -0.075785, 0.997014, 0.0148004, -0.0443181, 1.59181, 0.0725656)

[node name="Skeleton3D" parent="Group/model_FaceGroup/model_FaceDeformationSystem/model_LipSetup/model_LipFollowHead/model_LipRibbonJoints" index="0"]
bones/0/position = Vector3(-0.00510449, 1.66587, 0.0564655)
bones/0/rotation = Quaternion(0, 0.969179, 0, 0.246357)
bones/0/scale = Vector3(1.12106, 1.12106, -1.12106)
bones/2/position = Vector3(-0.0160102, 1.66546, 0.0482202)
bones/2/rotation = Quaternion(6.08309e-05, -0.902377, -0.000127376, -0.430947)
bones/2/scale = Vector3(1.12106, 1.12106, -1.12106)
bones/4/position = Vector3(-0.021519, 1.66371, 0.0421758)
bones/4/rotation = Quaternion(2.08858e-05, 0.881407, -3.89724e-05, 0.472358)
bones/4/scale = Vector3(1.12106, 1.12106, -1.12106)
bones/6/position = Vector3(-0.0235785, 1.66237, 0.0385452)
bones/6/rotation = Quaternion(0.000110389, 0.875643, -0.000200144, 0.482959)
bones/6/scale = Vector3(1.12106, 1.12106, -1.12106)
bones/8/position = Vector3(0.00500011, 1.66587, 0.0565013)
bones/10/position = Vector3(0.0159872, 1.66531, 0.0483806)
bones/11/position = Vector3(2.47308e-05, 5.42355e-05, 1.06154e-05)
bones/12/position = Vector3(0.0215989, 1.66324, 0.042535)
bones/14/position = Vector3(0.0237165, 1.66168, 0.0390223)
bones/16/position = Vector3(-0.00523573, 1.66862, 0.0569726)
bones/16/rotation = Quaternion(0, 0.963369, 0, 0.268179)
bones/16/scale = Vector3(1.12106, 1.12106, -1.12106)
bones/18/position = Vector3(-0.01607, 1.66668, 0.0485644)
bones/18/rotation = Quaternion(0.000150265, 0.901144, -0.000312352, 0.433519)
bones/18/scale = Vector3(1.12106, 1.12106, -1.12106)
bones/20/position = Vector3(-0.0211939, 1.66386, 0.0421308)
bones/20/rotation = Quaternion(0.000162459, 0.881387, -0.000303114, 0.472394)
bones/20/scale = Vector3(1.12106, 1.12106, -1.12106)
bones/22/position = Vector3(0.00552693, 1.6686, 0.0571761)
bones/24/position = Vector3(0.0164413, 1.66651, 0.0489674)
bones/26/position = Vector3(0.0214413, 1.66338, 0.0425831)

[node name="model_upperfollicle1_R" parent="Group/model_FaceGroup/model_FaceDeformationSystem/model_LipSetup/model_LipFollowHead/model_LipFollicles" index="0"]
transform = Transform3D(0.934099, -0.00927407, -0.356893, 0.00992786, 0.999951, 2.32831e-10, 0.356875, -0.00354318, 0.934145, -0.00675549, 0.00142698, -0.00822001)

[node name="model_upperfollicle2_R" parent="Group/model_FaceGroup/model_FaceDeformationSystem/model_LipSetup/model_LipFollowHead/model_LipFollicles" index="1"]
transform = Transform3D(0.760139, -0.0113007, -0.649662, 0.014865, 0.999889, -4.65661e-10, 0.64959, -0.00965725, 0.760223, -0.0144109, 0.00131455, -0.0126832)

[node name="model_upperfollicle4_R" parent="Group/model_FaceGroup/model_FaceDeformationSystem/model_LipSetup/model_LipFollowHead/model_LipFollicles" index="2"]
transform = Transform3D(0.521356, -0.00916062, -0.85329, 0.0175681, 0.999846, -2.32831e-09, 0.853159, -0.0149907, 0.521436, -0.0212084, 0.00112897, -0.021581)

[node name="model_upperfollicle5_R" parent="Group/model_FaceGroup/model_FaceDeformationSystem/model_LipSetup/model_LipFollowHead/model_LipFollicles" index="3"]
transform = Transform3D(0.549653, -0.00996957, -0.835334, 0.018135, 0.999836, 9.31323e-10, 0.835196, -0.0151487, 0.549743, -0.0235785, 0.00104926, -0.0253606)

[node name="model_upperfollicle1_L" parent="Group/model_FaceGroup/model_FaceDeformationSystem/model_LipSetup/model_LipFollowHead/model_LipFollicles" index="4"]
transform = Transform3D(0.937557, 0.0145522, 0.347528, -0.0155195, 0.99988, -4.65661e-10, -0.347486, -0.00539347, 0.93767, 0.00668036, 0.00140574, -0.00816244)

[node name="model_upperfollicle2_L" parent="Group/model_FaceGroup/model_FaceDeformationSystem/model_LipSetup/model_LipFollowHead/model_LipFollicles" index="5"]
transform = Transform3D(0.770279, 0.0281014, 0.637088, -0.0364578, 0.999335, 1.86265e-09, -0.636664, -0.0232268, 0.770791, 0.0144039, 0.00118202, -0.0125305)

[node name="model_upperfollicle4_L" parent="Group/model_FaceGroup/model_FaceDeformationSystem/model_LipSetup/model_LipFollowHead/model_LipFollicles" index="6"]
transform = Transform3D(0.537769, 0.0313412, 0.84251, -0.0581813, 0.998306, -3.72529e-09, -0.841082, -0.0490183, 0.538682, 0.0213036, 0.000620991, -0.0212115)

[node name="model_upperfollicle5_L" parent="Group/model_FaceGroup/model_FaceDeformationSystem/model_LipSetup/model_LipFollowHead/model_LipFollicles" index="7"]
transform = Transform3D(0.566779, 0.0332641, 0.823198, -0.0585888, 0.998282, -5.58794e-09, -0.821784, -0.0482302, 0.567754, 0.0237164, 0.000362767, -0.0248852)

[node name="model_lowerfollicle1_R" parent="Group/model_FaceGroup/model_FaceDeformationSystem/model_LipSetup/model_LipFollowHead/model_LipFollicles" index="8"]
transform = Transform3D(0.953769, -0.0809271, -0.289441, 0.084546, 0.99642, -9.31323e-10, 0.288405, -0.0244711, 0.957196, -0.00399521, 0.00668357, -0.00472378)

[node name="model_lowerfollicle2_R" parent="Group/model_FaceGroup/model_FaceDeformationSystem/model_LipSetup/model_LipFollowHead/model_LipFollicles" index="9"]
transform = Transform3D(0.892672, -0.117828, -0.435032, 0.13086, 0.991401, -1.86265e-09, 0.431291, -0.0569281, 0.900415, -0.00744805, 0.00627414, -0.00608812)

[node name="model_lowerfollicle4_R" parent="Group/model_FaceGroup/model_FaceDeformationSystem/model_LipSetup/model_LipFollowHead/model_LipFollicles" index="10"]
transform = Transform3D(0.535464, -0.133824, -0.833888, 0.242464, 0.97016, -7.45058e-09, 0.809005, -0.202188, 0.551934, -0.017817, 0.00358901, -0.0149982)

[node name="model_lowerfollicle5_R" parent="Group/model_FaceGroup/model_FaceDeformationSystem/model_LipSetup/model_LipFollowHead/model_LipFollicles" index="11"]
transform = Transform3D(0.447251, -0.131253, -0.884726, 0.281591, 0.959535, 2.23517e-08, 0.848925, -0.249131, 0.466112, -0.0217326, 0.00140132, -0.0219902)

[node name="model_lowerfollicle1_L" parent="Group/model_FaceGroup/model_FaceDeformationSystem/model_LipSetup/model_LipFollowHead/model_LipFollicles" index="12"]
transform = Transform3D(0.960922, 0.0894678, 0.261962, -0.0927052, 0.995694, 1.86265e-09, -0.260834, -0.0242852, 0.965078, 0.00429578, 0.0066531, -0.00458568)

[node name="model_lowerfollicle2_L" parent="Group/model_FaceGroup/model_FaceDeformationSystem/model_LipSetup/model_LipFollowHead/model_LipFollicles" index="13"]
transform = Transform3D(0.899902, 0.128111, 0.416851, -0.14094, 0.990018, -1.86265e-09, -0.41269, -0.0587511, 0.908975, 0.00776558, 0.00621124, -0.00586116)

[node name="model_lowerfollicle4_L" parent="Group/model_FaceGroup/model_FaceDeformationSystem/model_LipSetup/model_LipFollowHead/model_LipFollicles" index="14"]
transform = Transform3D(0.529784, 0.148108, 0.8351, -0.269239, 0.963073, 4.47035e-08, -0.804263, -0.224842, 0.550098, 0.0181276, 0.00329155, -0.0145909)

[node name="model_lowerfollicle5_L" parent="Group/model_FaceGroup/model_FaceDeformationSystem/model_LipSetup/model_LipFollowHead/model_LipFollicles" index="15"]
transform = Transform3D(0.431536, 0.143455, 0.890616, -0.315455, 0.948941, 1.49012e-08, -0.845142, -0.28095, 0.454755, 0.0219406, 0.000855465, -0.0215297)

[node name="AnimationPlayer" type="AnimationPlayer" parent="." index="1"]
libraries = {
&"brenna": SubResource("AnimationLibrary_wj11o")
}
speed_scale = 3.0

[node name="AnimationTree" type="AnimationTree" parent="." index="2"]
tree_root = SubResource("AnimationNodeBlendTree_cnkll")
anim_player = NodePath("../AnimationPlayer")
parameters/TimeScale/scale = 1.5
"parameters/TimeScale 2/scale" = 3.1
"parameters/TimeScale 3/scale" = 4.0
"parameters/TimeScale 4/scale" = 4.0
parameters/state_anim/current_state = "hurt"
parameters/state_anim/transition_request = ""
parameters/state_anim/current_index = 3
