[gd_scene load_steps=21 format=3 uid="uid://b6nb1vhgf1r7l"]

[ext_resource type="PackedScene" uid="uid://d31nctok4l7pn" path="res://scenes/player/models/brenna.fbx" id="1_074fp"]
[ext_resource type="Animation" uid="uid://si1rasbgina0" path="res://scenes/player/animations/dash.res" id="2_0cyae"]
[ext_resource type="Script" uid="uid://bv0h83cg14xrx" path="res://scenes/player/brenna_model.gd" id="2_p4go6"]
[ext_resource type="Animation" uid="uid://mqrvvi7v747x" path="res://scenes/player/animations/die.res" id="3_p4go6"]
[ext_resource type="Animation" uid="uid://uut1sdejt4cs" path="res://scenes/player/animations/hurt.res" id="4_riu7c"]
[ext_resource type="Animation" uid="uid://4sdnbix7wqlt" path="res://scenes/player/animations/idle.res" id="5_63dxr"]
[ext_resource type="Animation" uid="uid://ygpmdvtk063k" path="res://scenes/player/animations/run.res" id="6_r52c5"]

[sub_resource type="AnimationLibrary" id="AnimationLibrary_wj11o"]
_data = {
&"dash": ExtResource("2_0cyae"),
&"die": ExtResource("3_p4go6"),
&"hurt": ExtResource("4_riu7c"),
&"idle": ExtResource("5_63dxr"),
&"run": ExtResource("6_r52c5")
}

[sub_resource type="AnimationNodeTimeScale" id="AnimationNodeTimeScale_0cyae"]

[sub_resource type="AnimationNodeTimeScale" id="AnimationNodeTimeScale_p4go6"]

[sub_resource type="AnimationNodeTimeScale" id="AnimationNodeTimeScale_63dxr"]

[sub_resource type="AnimationNodeTimeScale" id="AnimationNodeTimeScale_r52c5"]

[sub_resource type="AnimationNodeTimeScale" id="AnimationNodeTimeScale_riu7c"]

[sub_resource type="AnimationNodeAnimation" id="AnimationNodeAnimation_074fp"]
animation = &"brenna/dash"

[sub_resource type="AnimationNodeAnimation" id="AnimationNodeAnimation_e1h8y"]
animation = &"brenna/die"

[sub_resource type="AnimationNodeAnimation" id="AnimationNodeAnimation_0cyae"]
animation = &"brenna/hurt"

[sub_resource type="AnimationNodeAnimation" id="AnimationNodeAnimation_63dxr"]
animation = &"brenna/idle"

[sub_resource type="AnimationNodeAnimation" id="AnimationNodeAnimation_r52c5"]
animation = &"brenna/run"

[sub_resource type="AnimationNodeTransition" id="AnimationNodeTransition_e1h8y"]
xfade_time = 0.05
input_0/name = "idle"
input_0/auto_advance = false
input_0/break_loop_at_end = false
input_0/reset = true
input_1/name = "running"
input_1/auto_advance = false
input_1/break_loop_at_end = false
input_1/reset = true
input_2/name = "dashing"
input_2/auto_advance = false
input_2/break_loop_at_end = false
input_2/reset = true
input_3/name = "hurt"
input_3/auto_advance = false
input_3/break_loop_at_end = false
input_3/reset = true
input_4/name = "die"
input_4/auto_advance = false
input_4/break_loop_at_end = false
input_4/reset = true

[sub_resource type="AnimationNodeBlendTree" id="AnimationNodeBlendTree_cnkll"]
nodes/TimeScale/node = SubResource("AnimationNodeTimeScale_riu7c")
nodes/TimeScale/position = Vector2(-200, -100)
"nodes/TimeScale 2/node" = SubResource("AnimationNodeTimeScale_0cyae")
"nodes/TimeScale 2/position" = Vector2(-200, 80)
"nodes/TimeScale 3/node" = SubResource("AnimationNodeTimeScale_p4go6")
"nodes/TimeScale 3/position" = Vector2(-200, 260)
"nodes/TimeScale 4/node" = SubResource("AnimationNodeTimeScale_63dxr")
"nodes/TimeScale 4/position" = Vector2(-200, 440)
"nodes/TimeScale 5/node" = SubResource("AnimationNodeTimeScale_r52c5")
"nodes/TimeScale 5/position" = Vector2(-204.473, 674.6)
nodes/dash_anim/node = SubResource("AnimationNodeAnimation_074fp")
nodes/dash_anim/position = Vector2(-420, 260)
nodes/die_anim/node = SubResource("AnimationNodeAnimation_e1h8y")
nodes/die_anim/position = Vector2(-440, 640)
nodes/hurt_anim/node = SubResource("AnimationNodeAnimation_0cyae")
nodes/hurt_anim/position = Vector2(-440, 440)
nodes/idle_anim/node = SubResource("AnimationNodeAnimation_63dxr")
nodes/idle_anim/position = Vector2(-420, -120)
nodes/output/position = Vector2(340, 280)
nodes/run_anim/node = SubResource("AnimationNodeAnimation_r52c5")
nodes/run_anim/position = Vector2(-420, 80)
nodes/state_anim/node = SubResource("AnimationNodeTransition_e1h8y")
nodes/state_anim/position = Vector2(140, 340)
node_connections = [&"TimeScale", 0, &"idle_anim", &"TimeScale 2", 0, &"run_anim", &"TimeScale 3", 0, &"dash_anim", &"TimeScale 4", 0, &"hurt_anim", &"TimeScale 5", 0, &"die_anim", &"output", 0, &"state_anim", &"state_anim", 0, &"TimeScale", &"state_anim", 1, &"TimeScale 2", &"state_anim", 2, &"TimeScale 3", &"state_anim", 3, &"TimeScale 4", &"state_anim", 4, &"TimeScale 5"]

[node name="brennaModel" instance=ExtResource("1_074fp")]
script = ExtResource("2_p4go6")

[node name="Group" parent="." index="0"]
transform = Transform3D(-1, 0, -8.74228e-08, 0, 1, 0, 8.74228e-08, 0, -1, 0, 0, 0)

[node name="model_FKParentConstraintToChest_M" parent="Group/model_MotionSystem/model_FKSystem" index="0"]
transform = Transform3D(-0.0541629, -0.0995457, 0.993558, 0.961712, -0.272912, 0.0250834, 0.268657, 0.956875, 0.110516, -0.0154784, 1.39454, 0.184944)

[node name="Skeleton3D" parent="Group/model_MotionSystem/model_FKSystem/model_FKParentConstraintToChest_M/model_FKOffsetNeck_M" index="1"]
bones/15/position = Vector3(-0.0069749, -0.0145593, -0.00980391)
bones/15/rotation = Quaternion(0.0863467, 0.00380475, -0.28085, 0.955852)
bones/17/rotation = Quaternion(-0.159062, -0.185993, 0.889087, -0.38682)
bones/19/rotation = Quaternion(0.320774, -0.0542174, 0.166324, 0.93086)
bones/23/rotation = Quaternion(-0.000356153, -0.16306, 0.0525067, 0.985218)
bones/27/rotation = Quaternion(0.000390922, -0.0232615, -0.00174201, 0.999728)
bones/31/rotation = Quaternion(-0.0338895, -0.120932, 0.17831, 0.975926)
bones/35/rotation = Quaternion(0, 0, 0.229257, 0.973366)
bones/39/rotation = Quaternion(0, 0, 0.239795, 0.970824)
bones/42/rotation = Quaternion(0.0129949, -0.00760632, -0.06739, 0.997613)
bones/46/rotation = Quaternion(0.00172952, -0.0578124, 0.192346, 0.979621)
bones/50/rotation = Quaternion(0, 0, 0.0951741, 0.995461)
bones/54/rotation = Quaternion(0, 0, 0.175913, 0.984406)
bones/58/rotation = Quaternion(0, 0, 0.168444, 0.985711)
bones/62/rotation = Quaternion(0, 0, 0.131674, 0.991293)

[node name="model_FKScapula_R" parent="Group/model_MotionSystem/model_FKSystem/model_FKParentConstraintToChest_M/model_FKOffsetScapula_R/model_FKExtraScapula_R" index="0"]
transform = Transform3D(0.9422, -0.331855, -0.0461764, 0.175525, 0.606278, -0.77564, 0.285396, 0.722703, 0.629484, -0.000891108, 0.00363744, -0.00873507)

[node name="Skeleton3D" parent="Group/model_MotionSystem/model_FKSystem/model_FKParentConstraintToChest_M/model_FKOffsetScapula_R/model_FKExtraScapula_R/model_FKScapula_R" index="0"]
bones/3/rotation = Quaternion(0.0946237, 0.241146, 0.0582036, 0.96411)
bones/7/rotation = Quaternion(0.0100007, -0.0786973, 0.457782, 0.885518)

[node name="model_FKScapula_L" parent="Group/model_MotionSystem/model_FKSystem/model_FKParentConstraintToChest_M/model_FKOffsetScapula_L/model_FKExtraScapula_L" index="0"]
transform = Transform3D(0.823413, 0.470426, 0.317318, -0.564153, 0.618557, 0.546917, 0.0610051, -0.629355, 0.77472, -0.000728353, -0.00363815, 0.00874985)

[node name="Skeleton3D" parent="Group/model_MotionSystem/model_FKSystem/model_FKParentConstraintToChest_M/model_FKOffsetScapula_L/model_FKExtraScapula_L/model_FKScapula_L" index="0"]
bones/3/rotation = Quaternion(-0.00335799, 0.0169953, 0.268456, 0.963136)
bones/7/rotation = Quaternion(-0.00878871, 0.0746481, 0.114509, 0.990575)

[node name="model_FKParentConstraintToRoot_M" parent="Group/model_MotionSystem/model_FKSystem" index="1"]
transform = Transform3D(0.00569662, -0.232585, 0.972559, 0.933248, -0.348107, -0.0887152, 0.359189, 0.908144, 0.215076, 2.23813e-17, 1.07602, 0.0268387)

[node name="model_FKOffsetRoot_M" parent="Group/model_MotionSystem/model_FKSystem" index="2"]
transform = Transform3D(0.0056966, -0.105379, 0.994416, 0.933248, -0.356634, -0.043139, 0.359189, 0.928282, 0.0963132, 2.18463e-17, 1.07602, 0.0268387)

[node name="model_FKRoot_M" parent="Group/model_MotionSystem/model_FKSystem/model_FKOffsetRoot_M/model_FKExtraRoot_M" index="0"]
transform = Transform3D(0.982628, -0.179013, 0.0489562, 0.1803, 0.983337, -0.0232416, -0.0439799, 0.0316647, 0.99853, 0, 0, 3.06157e-18)

[node name="Skeleton3D" parent="Group/model_MotionSystem/model_FKSystem/model_FKOffsetRoot_M" index="1"]
bones/0/position = Vector3(0, 0, 8.88178e-18)
bones/2/rotation = Quaternion(0.0414157, 0.00967559, 0.0614266, 0.997205)
bones/7/rotation = Quaternion(0.0368685, 0.00681319, 0.0303521, 0.998836)
bones/14/rotation = Quaternion(0.0254031, 0.00965489, 0.115378, 0.99295)
bones/15/rotation = Quaternion(0.00848543, 0.00322504, 0.0385399, 0.999216)
bones/17/rotation = Quaternion(0.00848543, 0.00322504, 0.0385399, 0.999216)
bones/22/rotation = Quaternion(0.00848543, 0.00322504, 0.0385399, 0.999216)
bones/28/rotation = Quaternion(-0.0303791, -0.00584286, 0.064476, 0.99744)

[node name="model_IKcvOffsetSplineTailB1_R" parent="Group/model_MotionSystem/model_IKSystem/model_IKHandle/model_IKHandleFollowMain" index="0"]
transform = Transform3D(0.993252, -0.100071, 0.0586227, 0.10854, 0.980161, -0.165844, -0.0408636, 0.171088, 0.984408, -0.12064, 1.54946, 0.163413)

[node name="model_IKcvOffsetSplineTailB2_R" parent="Group/model_MotionSystem/model_IKSystem/model_IKHandle/model_IKHandleFollowMain" index="1"]
transform = Transform3D(0.993252, -0.100071, 0.0586227, 0.10854, 0.980161, -0.165844, -0.0408636, 0.171088, 0.984408, -0.179512, 1.45369, 0.0844951)

[node name="model_IKcvOffsetSplineTailB3_R" parent="Group/model_MotionSystem/model_IKSystem/model_IKHandle/model_IKHandleFollowMain" index="2"]
transform = Transform3D(0.993252, -0.100071, 0.0586227, 0.10854, 0.980161, -0.165844, -0.0408636, 0.171088, 0.984408, -0.220014, 1.35251, 0.0233442)

[node name="model_IKcvOffsetSplineTailB4_R" parent="Group/model_MotionSystem/model_IKSystem/model_IKHandle/model_IKHandleFollowMain" index="3"]
transform = Transform3D(0.993252, -0.100071, 0.0586227, 0.10854, 0.980161, -0.165844, -0.0408636, 0.171088, 0.984408, -0.245036, 1.21922, -0.00490862)

[node name="model_IKcvOffsetSplineTailB5_R" parent="Group/model_MotionSystem/model_IKSystem/model_IKHandle/model_IKHandleFollowMain" index="4"]
transform = Transform3D(0.993252, -0.100071, 0.0586227, 0.10854, 0.980161, -0.165844, -0.0408636, 0.171088, 0.984408, -0.238488, 1.05495, 0.0288044)

[node name="model_IKOffsetSplineTailB2_R" parent="Group/model_MotionSystem/model_IKSystem/model_IKHandle/model_IKHandleFollowMain" index="5"]
transform = Transform3D(0.993252, -0.100071, 0.0586227, 0.10854, 0.980161, -0.165844, -0.0408636, 0.171088, 0.984408, -0.174145, 1.45578, 0.0904006)

[node name="model_IKOffsetSplineTailB3_R" parent="Group/model_MotionSystem/model_IKSystem/model_IKHandle/model_IKHandleFollowMain" index="6"]
transform = Transform3D(0.993252, -0.100071, 0.0586227, 0.10854, 0.980161, -0.165844, -0.0408636, 0.171088, 0.984408, -0.238524, 1.21495, 0.00759091)

[node name="model_IKOffsetConstrainedSplineTailB1_R" parent="Group/model_MotionSystem/model_IKSystem/model_IKHandle/model_IKHandleFollowMain" index="7"]
transform = Transform3D(-0.100014, 0.0587197, 0.993252, 0.979999, -0.166794, 0.10854, 0.172042, 0.984242, -0.0408635, -0.0432292, 1.65586, 0.286406)

[node name="model_IKcvOffsetSpine1_M" parent="Group/model_MotionSystem/model_IKSystem/model_IKHandle/model_IKHandleFollowMain" index="9"]
transform = Transform3D(0.994416, 0.0221982, -0.103172, -0.043139, 0.977721, -0.205428, 0.0963132, 0.208732, 0.973219, 0.000370636, 1.13674, 0.0502087)

[node name="model_IKcvOffsetSpine2_M" parent="Group/model_MotionSystem/model_IKSystem/model_IKHandle/model_IKHandleFollowMain" index="10"]
transform = Transform3D(0.994416, 0.0221982, -0.103172, -0.043139, 0.977721, -0.205428, 0.0963132, 0.208732, 0.973219, 0.000741272, 1.19746, 0.0735787)

[node name="model_IKcvOffsetSpine3_M" parent="Group/model_MotionSystem/model_IKSystem/model_IKHandle/model_IKHandleFollowMain" index="11"]
transform = Transform3D(0.994416, 0.0221982, -0.103172, -0.043139, 0.977721, -0.205428, 0.0963132, 0.208732, 0.973219, 0.00111191, 1.25818, 0.0969487)

[node name="model_IKcvOffsetSpine4_M" parent="Group/model_MotionSystem/model_IKSystem/model_IKHandle/model_IKHandleFollowMain" index="12"]
transform = Transform3D(0.994416, 0.0221982, -0.103172, -0.043139, 0.977721, -0.205428, 0.0963132, 0.208732, 0.973219, 0.0027679, 1.31162, 0.103786)

[node name="model_IKcvOffsetSpine5_M" parent="Group/model_MotionSystem/model_IKSystem/model_IKHandle/model_IKHandleFollowMain" index="13"]
transform = Transform3D(0.994416, 0.0221982, -0.103172, -0.043139, 0.977721, -0.205428, 0.0963132, 0.208732, 0.973219, 0.0044239, 1.36506, 0.110623)

[node name="model_IKOffsetSpine2_M" parent="Group/model_MotionSystem/model_IKSystem/model_IKHandle/model_IKHandleFollowMain" index="14"]
transform = Transform3D(0.994416, 0.0221982, -0.103172, -0.043139, 0.977721, -0.205428, 0.0963132, 0.208732, 0.973219, 0.00111252, 1.24268, 0.0900003)

[node name="model_IKOffsetConstrainedSpine1_M" parent="Group/model_MotionSystem/model_IKSystem/model_IKHandle/model_IKHandleFollowMain" index="15"]
transform = Transform3D(0.994416, 0.0221982, -0.103172, -0.043139, 0.977721, -0.205428, 0.0963132, 0.208732, 0.973219, 2.18463e-17, 1.07602, 0.0268387)

[node name="model_IKLeg_R" parent="Group/model_MotionSystem/model_IKSystem/model_IKHandle/model_IKHandleFollowMain/model_IKOffsetLeg_R/model_IKExtraLeg_R" index="0"]
transform = Transform3D(0.991776, -0.127417, 0.0120675, 0.0272541, 0.118128, -0.992624, 0.125052, 0.98479, 0.120629, -0.0315689, 0.315564, -0.487363)

[node name="model_IKcvOffsetSplineTailB1_L" parent="Group/model_MotionSystem/model_IKSystem/model_IKHandle/model_IKHandleFollowMain" index="17"]
transform = Transform3D(0.993252, -0.100071, 0.0586227, 0.10854, 0.980161, -0.165844, -0.0408636, 0.171088, 0.984408, 0.0450569, 1.56756, 0.156596)

[node name="model_IKcvOffsetSplineTailB2_L" parent="Group/model_MotionSystem/model_IKSystem/model_IKHandle/model_IKHandleFollowMain" index="18"]
transform = Transform3D(0.993252, -0.100071, 0.0586227, 0.10854, 0.980161, -0.165844, -0.0408636, 0.171088, 0.984408, 0.116589, 1.48605, 0.0723132)

[node name="model_IKcvOffsetSplineTailB3_L" parent="Group/model_MotionSystem/model_IKSystem/model_IKHandle/model_IKHandleFollowMain" index="19"]
transform = Transform3D(0.993252, -0.100071, 0.0586227, 0.10854, 0.980161, -0.165844, -0.0408636, 0.171088, 0.984408, 0.172853, 1.39544, 0.00718117)

[node name="model_IKcvOffsetSplineTailB4_L" parent="Group/model_MotionSystem/model_IKSystem/model_IKHandle/model_IKHandleFollowMain" index="20"]
transform = Transform3D(0.993252, -0.100071, 0.0586227, 0.10854, 0.980161, -0.165844, -0.0408636, 0.171088, 0.984408, 0.223648, 1.27043, -0.0241908)

[node name="model_IKcvOffsetSplineTailB5_L" parent="Group/model_MotionSystem/model_IKSystem/model_IKHandle/model_IKHandleFollowMain" index="21"]
transform = Transform3D(0.993252, -0.100071, 0.0586227, 0.10854, 0.980161, -0.165844, -0.0408636, 0.171088, 0.984408, 0.255431, 1.10893, 0.00848405)

[node name="model_IKOffsetSplineTailB2_L" parent="Group/model_MotionSystem/model_IKSystem/model_IKHandle/model_IKHandleFollowMain" index="22"]
transform = Transform3D(0.993252, -0.100071, 0.0586227, 0.10854, 0.980161, -0.165844, -0.0408636, 0.171088, 0.984408, 0.111393, 1.48699, 0.0786532)

[node name="model_IKOffsetSplineTailB3_L" parent="Group/model_MotionSystem/model_IKSystem/model_IKHandle/model_IKHandleFollowMain" index="23"]
transform = Transform3D(0.993252, -0.100071, 0.0586227, 0.10854, 0.980161, -0.165844, -0.0408636, 0.171088, 0.984408, 0.219246, 1.26498, -0.0112423)

[node name="model_IKOffsetConstrainedSplineTailB1_L" parent="Group/model_MotionSystem/model_IKSystem/model_IKHandle/model_IKHandleFollowMain" index="24"]
transform = Transform3D(-0.100014, 0.0587197, 0.993252, 0.979999, -0.166794, 0.10854, 0.172042, 0.984242, -0.0408635, -0.0432292, 1.65586, 0.286406)

[node name="model_IKLeg_L" parent="Group/model_MotionSystem/model_IKSystem/model_IKHandle/model_IKHandleFollowMain/model_IKOffsetLeg_L/model_IKExtraLeg_L" index="0"]
transform = Transform3D(0.999628, 0.0156912, -0.0223017, 9.31323e-10, 0.81785, 0.57543, 0.0272687, -0.575216, 0.817547, -0.00032006, 0.0574295, 0.439841)

[node name="model_IKmessureLoc1Arm_R" parent="Group/model_MotionSystem/model_IKSystem/model_IKMessure" index="0"]
transform = Transform3D(1, 0, 0, 0, 1, 0, 0, 0, 1, -0.145002, 1.50918, 0.201633)

[node name="model_IKmessureLoc2Arm_R" parent="Group/model_MotionSystem/model_IKSystem/model_IKMessure/model_IKmessureLoc1Arm_R" index="0"]
transform = Transform3D(1, 0, 0, 0, 1, 0, 0, 0, 1, -0.342461, -0.347235, -0.159187)

[node name="model_IKmessureLoc1Leg_R" parent="Group/model_MotionSystem/model_IKSystem/model_IKMessure" index="2"]
transform = Transform3D(1, 0, 0, 0, 1, 0, 0, 0, 1, -0.0879805, 1.06262, -0.0032845)

[node name="model_IKmessureLoc2Leg_R" parent="Group/model_MotionSystem/model_IKSystem/model_IKMessure/model_IKmessureLoc1Leg_R" index="0"]
transform = Transform3D(1, 0, 0, 0, 1, 0, 0, 0, 1, -0.0755635, -0.687117, -0.548604)

[node name="model_IKmessureLoc1Arm_L" parent="Group/model_MotionSystem/model_IKSystem/model_IKMessure" index="4"]
transform = Transform3D(1, 0, 0, 0, 1, 0, 0, 0, 1, 0.0987574, 1.54482, 0.167622)

[node name="model_IKmessureLoc2Arm_L" parent="Group/model_MotionSystem/model_IKSystem/model_IKMessure/model_IKmessureLoc1Arm_L" index="0"]
transform = Transform3D(1, 0, 0, 0, 1, 0, 0, 0, 1, 0.388706, -0.382869, -0.125176)

[node name="model_IKmessureLoc1Leg_L" parent="Group/model_MotionSystem/model_IKSystem/model_IKMessure" index="6"]
transform = Transform3D(1, 0, 0, 0, 1, 0, 0, 0, 1, 0.0887444, 1.04649, 0.0357972)

[node name="model_IKmessureLoc2Leg_L" parent="Group/model_MotionSystem/model_IKSystem/model_IKMessure/model_IKmessureLoc1Leg_L" index="0"]
transform = Transform3D(1, 0, 0, 0, 1, 0, 0, 0, 1, 0.0429107, -0.929131, 0.339517)

[node name="model_FKIKParentConstraintSplineTailB_R" parent="Group/model_MotionSystem/model_FKIKSystem" index="0"]
transform = Transform3D(-0.100014, 0.0587197, 0.993252, 0.979999, -0.166794, 0.10854, 0.172042, 0.984242, -0.0408635, -0.0432292, 1.65586, 0.286406)

[node name="model_FKIKSplineTailB_R" parent="Group/model_MotionSystem/model_FKIKSystem/model_FKIKParentConstraintSplineTailB_R" index="0"]
transform = Transform3D(1.31134e-07, 1, 0.000976519, -8.537e-11, -0.000976519, 1, 1, -1.31134e-07, -4.2685e-11, -0.0893135, -0.0554999, -0.14054)

[node name="model_FKIKParentConstraintArm_R" parent="Group/model_MotionSystem/model_FKIKSystem" index="1"]
transform = Transform3D(-0.972284, 0.229885, 0.0426264, 0.0722005, 0.121811, 0.989924, 0.222376, 0.965565, -0.135033, -0.0600047, 1.50287, 0.182193)

[node name="model_FKIKArm_R" parent="Group/model_MotionSystem/model_FKIKSystem/model_FKIKParentConstraintArm_R" index="0"]
transform = Transform3D(-0.999958, 0.00912525, 3.98878e-10, 0, -4.37114e-08, 1, 0.00912525, 0.999958, 4.37096e-08, 0.226879, 0.0458623, -0.0113529)

[node name="model_FKIKParentConstraintLeg_R" parent="Group/model_MotionSystem/model_FKIKSystem" index="2"]
transform = Transform3D(0.00569662, -0.232585, 0.972559, 0.933248, -0.348107, -0.0887152, 0.359189, 0.908144, 0.215076, 2.23813e-17, 1.07602, 0.0268387)

[node name="model_FKIKLeg_R" parent="Group/model_MotionSystem/model_FKIKSystem/model_FKIKParentConstraintLeg_R" index="0"]
transform = Transform3D(1.30046e-07, 0.987556, 0.157266, -1.37487e-08, -0.157266, 0.987556, 1, -1.3059e-07, -6.87433e-09, -0.13, 0.00428228, -0.215661)

[node name="model_FKIKParentConstraintSpine_M" parent="Group/model_MotionSystem/model_FKIKSystem" index="3"]
transform = Transform3D(0.00569662, -0.232585, 0.972559, 0.933248, -0.348107, -0.0887152, 0.359189, 0.908144, 0.215076, 2.23813e-17, 1.07602, 0.0268387)

[node name="model_FKIKSpine_M" parent="Group/model_MotionSystem/model_FKIKSystem/model_FKIKParentConstraintSpine_M" index="0"]
transform = Transform3D(1.30046e-07, 0.987556, 0.157266, -1.37487e-08, -0.157266, 0.987556, 1, -1.3059e-07, -6.87433e-09, 0.112825, -3.55271e-17, 0.210996)

[node name="model_FKIKParentConstraintSplineTailB_L" parent="Group/model_MotionSystem/model_FKIKSystem" index="4"]
transform = Transform3D(-0.100014, 0.0587197, 0.993252, 0.979999, -0.166794, 0.10854, 0.172042, 0.984242, -0.0408635, -0.0432292, 1.65586, 0.286406)

[node name="model_FKIKSplineTailB_L" parent="Group/model_MotionSystem/model_FKIKSystem/model_FKIKParentConstraintSplineTailB_L" index="0"]
transform = Transform3D(1.31134e-07, 1, 0.000976519, -8.537e-11, -0.000976519, 1, 1, -1.31134e-07, -4.2685e-11, -0.0893135, -0.0554999, 0.14054)

[node name="model_FKIKParentConstraintArm_L" parent="Group/model_MotionSystem/model_FKIKSystem" index="5"]
transform = Transform3D(-0.846943, -0.492325, -0.200759, -0.455356, 0.86659, -0.204139, 0.274478, -0.0814774, -0.958135, 0.0247175, 1.50501, 0.191617)

[node name="model_FKIKParentConstraintLeg_L" parent="Group/model_MotionSystem/model_FKIKSystem" index="6"]
transform = Transform3D(0.00569662, -0.232585, 0.972559, 0.933248, -0.348107, -0.0887152, 0.359189, 0.908144, 0.215076, 2.23813e-17, 1.07602, 0.0268387)

[node name="model_FKIKLeg_L" parent="Group/model_MotionSystem/model_FKIKSystem/model_FKIKParentConstraintLeg_L" index="0"]
transform = Transform3D(1.30046e-07, 0.987556, 0.157266, -1.37487e-08, -0.157266, 0.987556, 1, -1.3059e-07, -6.87433e-09, -0.13, 0.00428228, 0.215661)

[node name="Skeleton3D" parent="Group/model_DeformationSystem" index="0"]
bones/1/position = Vector3(0, 1.07602, 0.0268387)
bones/1/rotation = Quaternion(0.533556, 0.328299, 0.623997, 0.467083)
bones/2/rotation = Quaternion(0.0414157, 0.00967559, 0.0614266, 0.997205)
bones/3/rotation = Quaternion(0.0368684, 0.00681319, 0.0303521, 0.998836)
bones/4/rotation = Quaternion(0.00881202, 0.00217986, -0.0820546, 0.996587)
bones/5/rotation = Quaternion(0.00848543, 0.00322504, 0.0385399, 0.999216)
bones/6/rotation = Quaternion(0.00848543, 0.00322504, 0.0385399, 0.999216)
bones/7/position = Vector3(0.0538994, 0, -4.28354e-17)
bones/7/rotation = Quaternion(-0.0309356, 0.000144554, -0.129703, 0.99107)
bones/8/rotation = Quaternion(1.34417e-24, 8.27181e-25, 0.165745, 0.986169)
bones/9/rotation = Quaternion(0.0300256, 0, 0, 0.999549)
bones/10/rotation = Quaternion(0.0300256, 0, 0, 0.999549)
bones/11/position = Vector3(0.0406839, -0.0164579, -0.00788858)
bones/11/rotation = Quaternion(0.0272926, -0.00292951, -0.213131, 0.976638)
bones/12/rotation = Quaternion(-0.254878, 0.159491, 0.831565, -0.467012)
bones/13/rotation = Quaternion(-0.0112795, -0.111385, -0.0233579, 0.993439)
bones/14/rotation = Quaternion(0.00335337, -0.0436084, -0.0871866, 0.995232)
bones/15/rotation = Quaternion(-0.0547247, -0.094472, 0.00473983, 0.994011)
bones/16/rotation = Quaternion(0.0216086, 0.0154173, -0.0004078, 0.999648)
bones/17/rotation = Quaternion(-0.0480364, -0.24529, 0.0731075, 0.965495)
bones/18/rotation = Quaternion(-0.181772, 0.144412, 0.325328, 0.91666)
bones/19/rotation = Quaternion(0.00612764, -0.00688573, 0.116086, 0.993196)
bones/20/rotation = Quaternion(0.00294998, -0.0207928, 0.00982489, 0.999731)
bones/21/rotation = Quaternion(-0.000155793, 0.0187318, -0.000153065, 0.999825)
bones/22/rotation = Quaternion(0.0206108, 0.0167279, -0.0624085, 0.997698)
bones/23/rotation = Quaternion(-0.0207945, -0.249083, -0.0334181, 0.967682)
bones/25/rotation = Quaternion(0.0353441, -0.00388176, -0.00228691, 0.999365)
bones/26/rotation = Quaternion(0.0352891, -0.00370293, 0.00255244, 0.999367)
bones/28/position = Vector3(-0.0135402, -0.0105844, 0.0329223)
bones/28/rotation = Quaternion(0.0308581, 0.000392423, -0.0128596, 0.999441)
bones/29/position = Vector3(-0.0160367, -0.00764273, 0.0335831)
bones/29/rotation = Quaternion(0.0476127, 0.000563849, -0.0154798, 0.998746)
bones/30/position = Vector3(-0.0273335, 0.00489116, 0.0368084)
bones/30/rotation = Quaternion(0.0153117, 0.00160249, 8.25713e-05, 0.999882)
bones/31/position = Vector3(-0.0463233, 0.00778386, 0.0198937)
bones/31/rotation = Quaternion(-0.00245825, 0.00105585, -0.00233125, 0.999994)
bones/32/position = Vector3(-0.0513987, 0.00335946, 0.0151893)
bones/32/rotation = Quaternion(0.000956647, -0.000160557, 0.0015188, 0.999998)
bones/33/position = Vector3(-0.0271946, -0.0123777, 0.0351615)
bones/33/rotation = Quaternion(-0.0243772, 0.0115602, -0.00026687, 0.999636)
bones/34/position = Vector3(-0.0366335, -0.0110651, 0.0331267)
bones/34/rotation = Quaternion(-0.0434503, 0.0196787, -0.0130956, 0.998776)
bones/35/position = Vector3(-0.0481084, -0.00340503, 0.0211595)
bones/35/rotation = Quaternion(-0.0268859, 0.0132421, -0.027213, 0.99918)
bones/36/position = Vector3(0.0134507, -0.010571, 0.0328891)
bones/36/rotation = Quaternion(0.0306674, -0.00172827, 0.0128283, 0.999446)
bones/37/position = Vector3(0.0158853, -0.00762882, 0.0335352)
bones/37/rotation = Quaternion(0.0473915, -0.00280371, 0.0155255, 0.998752)
bones/38/position = Vector3(0.0271937, 0.00488813, 0.0368087)
bones/38/rotation = Quaternion(0.015353, -0.00350069, -5.3647e-05, 0.999876)
bones/39/position = Vector3(0.0462973, 0.00778368, 0.0199186)
bones/39/rotation = Quaternion(-0.00245737, -0.00170901, 0.00232738, 0.999993)
bones/40/position = Vector3(0.0513892, 0.00336097, 0.015204)
bones/40/rotation = Quaternion(0.000942971, -0.000146444, -0.00149606, 0.999998)
bones/41/position = Vector3(0.0273873, -0.0116602, 0.0354059)
bones/41/rotation = Quaternion(-0.0345383, -0.00883596, 0.000472158, 0.999364)
bones/42/position = Vector3(0.0369585, -0.0101211, 0.0333345)
bones/42/rotation = Quaternion(-0.0564413, -0.0159698, 0.0172392, 0.998129)
bones/43/position = Vector3(0.0482047, -0.00278966, 0.0211546)
bones/43/rotation = Quaternion(-0.0341113, -0.0120273, 0.0346101, 0.998746)
bones/45/position = Vector3(-0.00854153, 0.00127594, -0.00864733)
bones/46/position = Vector3(-0.0151492, 0.00125456, -0.0146092)
bones/47/position = Vector3(-0.0221547, -0.000758297, -0.0221675)
bones/48/position = Vector3(-0.0234954, -0.00188934, -0.0253837)
bones/49/position = Vector3(-0.00519088, -0.000432316, -0.00737736)
bones/50/position = Vector3(-0.01773, -0.00105332, -0.0173919)
bones/51/position = Vector3(-0.0220881, -0.00175362, -0.0226821)
bones/52/position = Vector3(0.00786328, 0.00118191, -0.00831339)
bones/53/position = Vector3(0.014556, 0.000997325, -0.0140697)
bones/54/position = Vector3(0.0216038, -0.00143032, -0.0214421)
bones/55/position = Vector3(0.022915, -0.0027803, -0.0245848)
bones/56/position = Vector3(0.0045543, -0.000490822, -0.00711078)
bones/57/position = Vector3(0.0172679, -0.00145584, -0.0166133)
bones/58/position = Vector3(0.0215697, -0.00246747, -0.0218677)
bones/59/position = Vector3(-0.0434231, -0.0219575, 0.084264)
bones/60/position = Vector3(0.0433223, -0.0220687, 0.0842014)
bones/64/position = Vector3(-0.0162422, -0.018999, 0.096914)
bones/65/position = Vector3(0.0163245, -0.0197971, 0.096907)
bones/67/position = Vector3(-0.0241657, -0.0593401, 0.0862135)
bones/68/position = Vector3(0.0237143, -0.0601186, 0.0865144)
bones/69/position = Vector3(-0.0308729, -0.0387447, 0.0858113)
bones/70/position = Vector3(0.030005, -0.0393313, 0.0860734)
bones/71/position = Vector3(-0.0528375, -0.0422414, 0.0654417)
bones/72/position = Vector3(0.0525747, -0.0425198, 0.0653921)
bones/73/position = Vector3(0.000166503, -0.0661974, 0.0939668)
bones/77/position = Vector3(-0.0136031, 0.0247954, 0.0931671)
bones/78/position = Vector3(0.0124761, 0.0248472, 0.0931633)
bones/81/position = Vector3(-0.026299, 0.0333566, 0.0936495)
bones/83/position = Vector3(0.000208129, -0.0288608, 0.0304117)
bones/84/position = Vector3(0.105859, -0.0277651, -0.041826)
bones/84/rotation = Quaternion(0.255824, 0.639081, -0.0256014, 0.724896)
bones/85/rotation = Quaternion(-0.218202, 0.559831, 0.104979, 0.792437)
bones/86/rotation = Quaternion(0.0326052, 2.58494e-25, -8.27181e-25, 0.999468)
bones/87/rotation = Quaternion(0.0326052, 2.58494e-25, -8.27181e-25, 0.999468)
bones/88/rotation = Quaternion(0.0423806, -0.102535, 0.625577, 0.772233)
bones/89/rotation = Quaternion(0.00376435, 2.61725e-25, -2.61725e-25, 0.999993)
bones/90/rotation = Quaternion(0.00376435, 2.61725e-25, -2.61725e-25, 0.999993)
bones/91/rotation = Quaternion(0.206804, -0.128504, -0.0218735, 0.96966)
bones/108/position = Vector3(0.105859, -0.0277651, 0.0434455)
bones/108/rotation = Quaternion(-0.560719, -0.583808, 0.564201, -0.162603)
bones/109/rotation = Quaternion(-0.134462, 0.405034, 0.324377, 0.844184)
bones/110/rotation = Quaternion(-0.00116217, 3.13424e-25, 1.3894e-25, 0.999999)
bones/111/rotation = Quaternion(-0.00116217, 3.13424e-25, 1.3894e-25, 0.999999)
bones/112/rotation = Quaternion(-0.0165991, 0.0744218, 0.314271, 0.946266)
bones/113/rotation = Quaternion(-0.00295736, 8.54351e-37, 0, 0.999996)
bones/114/rotation = Quaternion(-0.00295736, 8.54351e-37, 0, 0.999996)
bones/115/rotation = Quaternion(0.200282, -0.128649, -0.0210092, 0.971028)
bones/132/rotation = Quaternion(0.143125, 0.985625, -0.088288, 0.0162159)
bones/133/rotation = Quaternion(-0.05949, 5.16988e-26, 7.75482e-26, 0.998229)
bones/134/rotation = Quaternion(-0.05949, 5.16988e-26, 7.75482e-26, 0.998229)
bones/135/rotation = Quaternion(-0.0513672, -0.0300078, -0.503525, 0.86193)
bones/136/rotation = Quaternion(-0.0473502, 0.066334, -0.149921, 0.985333)
bones/137/rotation = Quaternion(-0.0433921, 0.043188, 0.628589, 0.775325)
bones/138/rotation = Quaternion(0.877495, -0.461316, -0.102195, -0.0821361)
bones/139/rotation = Quaternion(0.0225585, -1.29247e-26, 1.40556e-25, 0.999746)
bones/140/rotation = Quaternion(0.0225585, -1.29247e-26, 1.40556e-25, 0.999746)
bones/141/rotation = Quaternion(0.0218681, 0.00553851, -0.245455, 0.969146)
bones/142/rotation = Quaternion(-0.0333609, 0.0308414, 0.242953, 0.968974)
bones/143/rotation = Quaternion(-0.043392, 0.0431879, 0.628588, 0.775325)

[node name="model_FaceMotionSystem" parent="Group/model_FaceGroup" index="0"]
transform = Transform3D(0.993252, -0.100071, 0.0586227, 0.10854, 0.980161, -0.165844, -0.0408636, 0.171088, 0.984408, -0.0432292, 1.65586, 0.286406)

[node name="model_lowerLipFollow_M" parent="Group/model_FaceGroup/model_FaceMotionSystem/model_ControlsSetup/model_OnFacecontrols/model_SideReverse_M/model_LipRegionOffset_M/model_SDKLipRegion_M/model_LipRegion_M/model_lowerLipOffset_M" index="0"]
transform = Transform3D(1, 0, 0, 0, 1, 0, 0, 0, 1, 0.000185653, -0.000434807, 0.00500231)

[node name="model_lowerLip_M" parent="Group/model_FaceGroup/model_FaceMotionSystem/model_ControlsSetup/model_OnFacecontrols/model_SideReverse_M/model_LipRegionOffset_M/model_SDKLipRegion_M/model_LipRegion_M/model_lowerLipOffset_M/model_lowerLipFollow_M/model_SDKlowerLip_M" index="0"]
transform = Transform3D(1, 0, 0, 0, 1, 0, 0, 0, 1, 3.15113e-06, 0.000924702, -0.00262088)

[node name="model_LipFollow_R" parent="Group/model_FaceGroup/model_FaceMotionSystem/model_ControlsSetup/model_OnFacecontrols/model_SideReverse_M/model_LipRegionOffset_M/model_SDKLipRegion_M/model_LipRegion_M/model_LipOffset_R" index="0"]
transform = Transform3D(1, -4.13009e-15, 2.21101e-16, 4.13009e-15, 1, 3.15485e-14, -2.21101e-16, -3.15485e-14, 1, -0.002165, -0.000217977, 0.00125576)

[node name="model_SDKLip_R" parent="Group/model_FaceGroup/model_FaceMotionSystem/model_ControlsSetup/model_OnFacecontrols/model_SideReverse_M/model_LipRegionOffset_M/model_SDKLipRegion_M/model_LipRegion_M/model_LipOffset_R/model_LipFollow_R" index="0"]
transform = Transform3D(1, 0, 0, 0, 1, 0, 0, 0, 1, 0.00323946, -0.00117472, 0.00071659)

[node name="model_LipFollow_L" parent="Group/model_FaceGroup/model_FaceMotionSystem/model_ControlsSetup/model_OnFacecontrols/model_SideReverse_M/model_LipRegionOffset_M/model_SDKLipRegion_M/model_LipRegion_M/model_LipOffset_L" index="0"]
transform = Transform3D(1, 3.73101e-17, 1.11031e-16, -3.73101e-17, 1, 1.70897e-17, -1.11031e-16, -1.70897e-17, 1, -0.00206594, -0.000218049, 0.0014128)

[node name="model_SDKLip_L" parent="Group/model_FaceGroup/model_FaceMotionSystem/model_ControlsSetup/model_OnFacecontrols/model_SideReverse_M/model_LipRegionOffset_M/model_SDKLipRegion_M/model_LipRegion_M/model_LipOffset_L/model_LipFollow_L" index="0"]
transform = Transform3D(1, 0, 0, 0, 1, 0, 0, 0, 1, 0.00226276, -0.00196837, 0.000500538)

[node name="model_LipFollowHead" parent="Group/model_FaceGroup/model_FaceDeformationSystem/model_LipSetup" index="1"]
transform = Transform3D(-0.100014, 0.0587197, 0.993252, 0.979999, -0.166794, 0.10854, 0.172042, 0.984242, -0.0408635, -0.0432292, 1.65586, 0.286406)

[node name="Skeleton3D" parent="Group/model_FaceGroup/model_FaceDeformationSystem/model_LipSetup/model_LipFollowHead/model_LipRibbonJoints" index="0"]
bones/0/rotation = Quaternion(0, 0.969179, 0, 0.246357)
bones/0/scale = Vector3(1.12106, 1.12106, -1.12106)
bones/2/rotation = Quaternion(6.08309e-05, -0.902377, -0.000127376, -0.430947)
bones/2/scale = Vector3(1.12106, 1.12106, -1.12106)
bones/4/rotation = Quaternion(2.08858e-05, 0.881407, -3.89724e-05, 0.472358)
bones/4/scale = Vector3(1.12106, 1.12106, -1.12106)
bones/6/rotation = Quaternion(0.000110389, 0.875643, -0.000200144, 0.482959)
bones/6/scale = Vector3(1.12106, 1.12106, -1.12106)
bones/8/position = Vector3(0.0046164, 1.66575, 0.0566993)
bones/10/position = Vector3(0.0154679, 1.6653, 0.048712)
bones/12/position = Vector3(0.0209285, 1.66336, 0.0428558)
bones/14/position = Vector3(0.022915, 1.66186, 0.0393209)
bones/16/rotation = Quaternion(0, 0.963369, 0, 0.268179)
bones/16/scale = Vector3(1.12106, 1.12106, -1.12106)
bones/18/rotation = Quaternion(0.000150265, 0.901144, -0.000312352, 0.433519)
bones/18/scale = Vector3(1.12106, 1.12106, -1.12106)
bones/20/rotation = Quaternion(0.000162459, 0.881387, -0.000303114, 0.472394)
bones/20/scale = Vector3(1.12106, 1.12106, -1.12106)
bones/22/position = Vector3(0.00480014, 1.66422, 0.0570481)
bones/24/position = Vector3(0.0155669, 1.66379, 0.0493675)
bones/26/position = Vector3(0.0206369, 1.66245, 0.0429705)

[node name="model_upperfollicle1_R" parent="Group/model_FaceGroup/model_FaceDeformationSystem/model_LipSetup/model_LipFollowHead/model_LipFollicles" index="0"]
transform = Transform3D(0.929504, -0.000306476, -0.368813, 0.00032972, 1, 2.18279e-11, 0.368813, -0.000121605, 0.929504, -0.00694599, 0.00139442, -0.00828492)

[node name="model_upperfollicle2_R" parent="Group/model_FaceGroup/model_FaceDeformationSystem/model_LipSetup/model_LipFollowHead/model_LipFollicles" index="1"]
transform = Transform3D(0.755724, -7.93824e-05, -0.65489, 0.000105042, 1, -3.63798e-12, 0.65489, -6.87907e-05, 0.755724, -0.0144706, 0.00138708, -0.0127595)

[node name="model_upperfollicle4_R" parent="Group/model_FaceGroup/model_FaceDeformationSystem/model_LipSetup/model_LipFollowHead/model_LipFollicles" index="2"]
transform = Transform3D(0.517851, 0.00205138, -0.855469, -0.0039613, 0.999992, -2.32831e-10, 0.855462, 0.00338877, 0.517855, -0.0211516, 0.00141294, -0.0216197)

[node name="model_upperfollicle5_R" parent="Group/model_FaceGroup/model_FaceDeformationSystem/model_LipSetup/model_LipFollowHead/model_LipFollicles" index="3"]
transform = Transform3D(0.547951, 0.00236414, -0.836507, -0.00431446, 0.999991, 2.32831e-10, 0.8365, 0.00360908, 0.547956, -0.0234954, 0.00143149, -0.0253837)

[node name="model_upperfollicle1_L" parent="Group/model_FaceGroup/model_FaceDeformationSystem/model_LipSetup/model_LipFollowHead/model_LipFollicles" index="4"]
transform = Transform3D(0.941375, 0.0133822, 0.337095, -0.0142142, 0.999899, 0, -0.337061, -0.00479153, 0.941471, 0.00626759, 0.00130039, -0.00795299)

[node name="model_upperfollicle2_L" parent="Group/model_FaceGroup/model_FaceDeformationSystem/model_LipSetup/model_LipFollowHead/model_LipFollicles" index="5"]
transform = Transform3D(0.768082, 0.0197516, 0.640047, -0.025707, 0.999669, 2.79397e-09, -0.639835, -0.0164537, 0.768336, 0.0138752, 0.0011309, -0.0122239)

[node name="model_upperfollicle4_L" parent="Group/model_FaceGroup/model_FaceDeformationSystem/model_LipSetup/model_LipFollowHead/model_LipFollicles" index="6"]
transform = Transform3D(0.522382, 0.0226862, 0.85241, -0.0433875, 0.999058, -1.86265e-09, -0.851607, -0.036984, 0.522874, 0.0206015, 0.000742139, -0.0208964)

[node name="model_upperfollicle5_L" parent="Group/model_FaceGroup/model_FaceDeformationSystem/model_LipSetup/model_LipFollowHead/model_LipFollicles" index="7"]
transform = Transform3D(0.547608, 0.026515, 0.836315, -0.0483631, 0.99883, 5.58794e-09, -0.835336, -0.0404468, 0.548249, 0.0229149, 0.000541752, -0.0245866)

[node name="model_lowerfollicle1_R" parent="Group/model_FaceGroup/model_FaceDeformationSystem/model_LipSetup/model_LipFollowHead/model_LipFollicles" index="8"]
transform = Transform3D(0.953995, -0.0223036, -0.298992, 0.0233728, 0.999727, -9.31323e-10, 0.29891, -0.00698828, 0.954256, -0.004296, 0.00254812, -0.00495708)

[node name="model_lowerfollicle2_R" parent="Group/model_FaceGroup/model_FaceDeformationSystem/model_LipSetup/model_LipFollowHead/model_LipFollicles" index="9"]
transform = Transform3D(0.898869, -0.035717, -0.43676, 0.0397041, 0.999211, -1.86265e-09, 0.436415, -0.0173412, 0.899578, -0.0076258, 0.00243235, -0.00629423)

[node name="model_lowerfollicle4_R" parent="Group/model_FaceGroup/model_FaceDeformationSystem/model_LipSetup/model_LipFollowHead/model_LipFollicles" index="10"]
transform = Transform3D(0.54924, -0.0412487, -0.834646, 0.0748905, 0.997192, 7.45058e-09, 0.832302, -0.0625071, 0.550787, -0.0177564, 0.00163246, -0.0150178)

[node name="model_lowerfollicle5_R" parent="Group/model_FaceGroup/model_FaceDeformationSystem/model_LipSetup/model_LipFollowHead/model_LipFollicles" index="11"]
transform = Transform3D(0.462759, -0.0410371, -0.885534, 0.0883325, 0.996091, 7.45058e-09, 0.882072, -0.0782214, 0.464575, -0.0216502, 0.000976717, -0.0219947)

[node name="model_lowerfollicle1_L" parent="Group/model_FaceGroup/model_FaceDeformationSystem/model_LipSetup/model_LipFollowHead/model_LipFollicles" index="12"]
transform = Transform3D(0.9695, 0.0364461, 0.242367, -0.0375662, 0.999294, 0, -0.242196, -0.00910479, 0.970185, 0.0036612, 0.00248976, -0.00469024)

[node name="model_lowerfollicle2_L" parent="Group/model_FaceGroup/model_FaceDeformationSystem/model_LipSetup/model_LipFollowHead/model_LipFollicles" index="13"]
transform = Transform3D(0.916474, 0.0494093, 0.397032, -0.0538342, 0.99855, 0, -0.396456, -0.0213739, 0.917805, 0.00703693, 0.00232467, -0.00585085)

[node name="model_lowerfollicle4_L" parent="Group/model_FaceGroup/model_FaceDeformationSystem/model_LipSetup/model_LipFollowHead/model_LipFollicles" index="14"]
transform = Transform3D(0.552483, 0.0604699, 0.831328, -0.108801, 0.994063, 3.72529e-09, -0.826392, -0.0904496, 0.555783, 0.0172958, 0.00122995, -0.0142399)

[node name="model_lowerfollicle5_L" parent="Group/model_FaceGroup/model_FaceDeformationSystem/model_LipSetup/model_LipFollowHead/model_LipFollicles" index="15"]
transform = Transform3D(0.449178, 0.0597579, 0.891442, -0.131876, 0.991266, 0, -0.883656, -0.11756, 0.453136, 0.0211324, 0.000262567, -0.0211811)

[node name="AnimationPlayer" type="AnimationPlayer" parent="." index="1"]
libraries = {
&"brenna": SubResource("AnimationLibrary_wj11o")
}
speed_scale = 3.0

[node name="AnimationTree" type="AnimationTree" parent="." index="2"]
tree_root = SubResource("AnimationNodeBlendTree_cnkll")
anim_player = NodePath("../AnimationPlayer")
parameters/TimeScale/scale = 1.5
"parameters/TimeScale 2/scale" = 3.1
"parameters/TimeScale 3/scale" = 4.0
"parameters/TimeScale 4/scale" = 3.0
"parameters/TimeScale 5/scale" = 3.0
parameters/state_anim/current_state = "idle"
parameters/state_anim/transition_request = ""
parameters/state_anim/current_index = 0
